chr start end windows snps snps_density lassi_mean lassi_max lassi_sum ihs_mean ihs_max ihs_sum gene_start gene_end ensembl_id gene_name
A1 8140283 8401210 6 1 350 10.45614167 16.7997 62.73685 5.499695993 5.499695993 5.499695993 8216262 8233066 ENSFCAG00000008235 POMP
A1 8140283 8401210 6 1 350 10.45614167 16.7997 62.73685 5.499695993 5.499695993 5.499695993 8241348 8261501 ENSFCAG00000008236 SLC46A3
A1 84857918 85433456 7 22 450 9.046811429 12.3328 63.32768 5.519363854 7.181284891 121.4260048 85029833 85030816 ENSFCAG00000029529 NA
A1 84857918 85433456 7 22 450 9.046811429 12.3328 63.32768 5.519363854 7.181284891 121.4260048 85085041 85086018 ENSFCAG00000004483 NA
A1 84857918 85433456 7 22 450 9.046811429 12.3328 63.32768 5.519363854 7.181284891 121.4260048 85183414 85184391 ENSFCAG00000026256 NA
A1 84857918 85433456 7 22 450 9.046811429 12.3328 63.32768 5.519363854 7.181284891 121.4260048 85225559 85226497 ENSFCAG00000027864 NA
A1 84857918 85433456 7 22 450 9.046811429 12.3328 63.32768 5.519363854 7.181284891 121.4260048 85387927 85388886 ENSFCAG00000022722 NA
A1 84857918 85433456 7 22 450 9.046811429 12.3328 63.32768 5.519363854 7.181284891 121.4260048 85428978 85429940 ENSFCAG00000031931 NA
A1 85660448 86044561 6 33 350 16.63276667 19.621 99.7966 5.001414166 8.804582128 165.0466675 85674970 85675914 ENSFCAG00000010099 OR2W3
A1 85660448 86044561 6 33 350 16.63276667 19.621 99.7966 5.001414166 8.804582128 165.0466675 85715445 85719005 ENSFCAG00000026310 NA
A1 85660448 86044561 6 33 350 16.63276667 19.621 99.7966 5.001414166 8.804582128 165.0466675 85807086 85808084 ENSFCAG00000030490 NA
A1 85660448 86044561 6 33 350 16.63276667 19.621 99.7966 5.001414166 8.804582128 165.0466675 85856672 85860039 ENSFCAG00000038133 NA
A1 85660448 86044561 6 33 350 16.63276667 19.621 99.7966 5.001414166 8.804582128 165.0466675 85893724 85894662 ENSFCAG00000031129 NA
A1 85660448 86044561 6 33 350 16.63276667 19.621 99.7966 5.001414166 8.804582128 165.0466675 85939686 85939820 ENSFCAG00000041974 NA
A1 85660448 86044561 6 33 350 16.63276667 19.621 99.7966 5.001414166 8.804582128 165.0466675 85647692 85664396 ENSFCAG00000012687 TRIM58
A1 154926179 155391322 2 1 200 7.041985 7.31193 14.08397 8.517426992 8.517426992 8.517426992 155039309 155056392 ENSFCAG00000022808 CETN3
A1 154926179 155391322 2 1 200 7.041985 7.31193 14.08397 8.517426992 8.517426992 8.517426992 155074225 155075296 ENSFCAG00000024204 NA
A1 154926179 155391322 2 1 200 7.041985 7.31193 14.08397 8.517426992 8.517426992 8.517426992 155097584 155115080 ENSFCAG00000029005 MBLAC2
A1 154926179 155391322 2 1 200 7.041985 7.31193 14.08397 8.517426992 8.517426992 8.517426992 155123357 155158173 ENSFCAG00000032444 NA
A1 154926179 155391322 2 1 200 7.041985 7.31193 14.08397 8.517426992 8.517426992 8.517426992 155160641 155173842 ENSFCAG00000029406 LYSMD3
A1 154926179 155391322 2 1 200 7.041985 7.31193 14.08397 8.517426992 8.517426992 8.517426992 155202961 155768287 ENSFCAG00000012405 ADGRV1
A1 172562587 173024606 5 2 300 10.984474 12.2697 54.92237 4.308716273 4.389894793 8.617432547 172838765 172870048 ENSFCAG00000046336 SLC25A46
A1 172562587 173024606 5 2 300 10.984474 12.2697 54.92237 4.308716273 4.389894793 8.617432547 172624706 172815409 ENSFCAG00000010837 TMEM232
A2 77422480 77431305 1 2 100 6.93281 6.93281 6.93281 5.791738157 5.791738157 11.58347631 77429032 77441309 ENSFCAG00000039973 NA
A2 79349532 79803102 4 10 250 9.3018975 10.2348 37.20759 4.934120344 5.931211415 49.34120344 79308199 79416190 ENSFCAG00000030777 PRKAR2B
A2 79349532 79803102 4 10 250 9.3018975 10.2348 37.20759 4.934120344 5.931211415 49.34120344 79536254 79569744 ENSFCAG00000004554 PIK3CG
A2 82307295 82632601 3 1 200 6.771696667 7.82089 20.31509 8.638791507 8.638791507 8.638791507 82323935 82861458 ENSFCAG00000000639 RELN
A2 159379210 159697987 11 1 600 12.80699636 21.6236 140.87696 4.903483281 4.903483281 4.903483281 159386029 159386982 ENSFCAG00000040622 NA
A2 159379210 159697987 11 1 600 12.80699636 21.6236 140.87696 4.903483281 4.903483281 4.903483281 159407870 159408823 ENSFCAG00000040453 NA
A2 159379210 159697987 11 1 600 12.80699636 21.6236 140.87696 4.903483281 4.903483281 4.903483281 159427836 159428789 ENSFCAG00000008020 NA
A2 159379210 159697987 11 1 600 12.80699636 21.6236 140.87696 4.903483281 4.903483281 4.903483281 159442911 159443840 ENSFCAG00000042981 NA
A2 159379210 159697987 11 1 600 12.80699636 21.6236 140.87696 4.903483281 4.903483281 4.903483281 159463688 159464623 ENSFCAG00000018827 OR6B1
A2 159379210 159697987 11 1 600 12.80699636 21.6236 140.87696 4.903483281 4.903483281 4.903483281 159509514 159510446 ENSFCAG00000029483 OR2A5
A2 159379210 159697987 11 1 600 12.80699636 21.6236 140.87696 4.903483281 4.903483281 4.903483281 159521672 159522604 ENSFCAG00000042035 OR2A25
A2 159379210 159697987 11 1 600 12.80699636 21.6236 140.87696 4.903483281 4.903483281 4.903483281 159532914 159533846 ENSFCAG00000045668 OR2A12
A2 159379210 159697987 11 1 600 12.80699636 21.6236 140.87696 4.903483281 4.903483281 4.903483281 159548625 159549557 ENSFCAG00000045096 OR2A14
A2 159379210 159697987 11 1 600 12.80699636 21.6236 140.87696 4.903483281 4.903483281 4.903483281 159617789 159617986 ENSFCAG00000043405 NA
A2 159379210 159697987 11 1 600 12.80699636 21.6236 140.87696 4.903483281 4.903483281 4.903483281 159621661 159622578 ENSFCAG00000040296 NA
A2 159379210 159697987 11 1 600 12.80699636 21.6236 140.87696 4.903483281 4.903483281 4.903483281 159637768 159639257 ENSFCAG00000043770 NA
A2 159379210 159697987 11 1 600 12.80699636 21.6236 140.87696 4.903483281 4.903483281 4.903483281 159656002 159656934 ENSFCAG00000044758 NA
A2 159379210 159697987 11 1 600 12.80699636 21.6236 140.87696 4.903483281 4.903483281 4.903483281 159657524 159659586 ENSFCAG00000036480 NA
A2 159379210 159697987 11 1 600 12.80699636 21.6236 140.87696 4.903483281 4.903483281 4.903483281 159563124 159564550 ENSFCAG00000022619 OR2A2
A2 159379210 159697987 11 1 600 12.80699636 21.6236 140.87696 4.903483281 4.903483281 4.903483281 159676765 159700188 ENSFCAG00000004351 NA
A3 17375599 17699683 13 1 700 11.85995154 17.277 154.17937 4.863672608 4.863672608 4.863672608 17644581 18442726 ENSFCAG00000004770 PTPRT
A3 47983378 48413990 8 1 450 8.677405 10.9305 69.41924 4.353920468 4.353920468 4.353920468 48110497 48111660 ENSFCAG00000022777 SSTR4
A3 47983378 48413990 8 1 450 8.677405 10.9305 69.41924 4.353920468 4.353920468 4.353920468 48125271 48127289 ENSFCAG00000011513 THBD
A3 47983378 48413990 8 1 450 8.677405 10.9305 69.41924 4.353920468 4.353920468 4.353920468 48161376 48165225 ENSFCAG00000025238 CD93
A3 50604793 50743383 3 5 200 7.592336667 9.61013 22.77701 4.363448978 5.0555729 21.81724489 50642831 50659257 ENSFCAG00000036408 NANP
A3 76300456 76751168 2 1 150 9.18186 9.18187 18.36372 9.130176324 9.130176324 9.130176324 76324897 76326923 ENSFCAG00000030730 NA
A3 76300456 76751168 2 1 150 9.18186 9.18187 18.36372 9.130176324 9.130176324 9.130176324 76423631 76426270 ENSFCAG00000004444 NA
A3 76300456 76751168 2 1 150 9.18186 9.18187 18.36372 9.130176324 9.130176324 9.130176324 76335013 76373790 ENSFCAG00000024453 CLHC1
A3 76300456 76751168 2 1 150 9.18186 9.18187 18.36372 9.130176324 9.130176324 9.130176324 76378202 76382854 ENSFCAG00000023939 NA
A3 76300456 76751168 2 1 150 9.18186 9.18187 18.36372 9.130176324 9.130176324 9.130176324 76381895 76410442 ENSFCAG00000013626 MTIF2
A3 76300456 76751168 2 1 150 9.18186 9.18187 18.36372 9.130176324 9.130176324 9.130176324 76646932 76676738 ENSFCAG00000003522 CFAP36
A3 76300456 76751168 2 1 150 9.18186 9.18187 18.36372 9.130176324 9.130176324 9.130176324 76678006 76744546 ENSFCAG00000026457 PPP4R3B
A3 76300456 76751168 2 1 150 9.18186 9.18187 18.36372 9.130176324 9.130176324 9.130176324 76427843 76571403 ENSFCAG00000023941 CCDC88A
A3 111576782 111722115 5 2 300 9.093092 11.0047 45.46546 4.200654429 4.214067881 8.401308858 111587399 111625189 ENSFCAG00000023280 HNRNPLL
A3 123700118 124023177 6 2 350 21.11038333 22.5099 126.6623 4.247372447 4.387574144 8.494744894 123931647 123938177 ENSFCAG00000004306 PFN4
A3 123700118 124023177 6 2 350 21.11038333 22.5099 126.6623 4.247372447 4.387574144 8.494744894 123948459 123954316 ENSFCAG00000004305 TP53I3
A3 123700118 124023177 6 2 350 21.11038333 22.5099 126.6623 4.247372447 4.387574144 8.494744894 123890980 123906747 ENSFCAG00000037101 NA
A3 123700118 124023177 6 2 350 21.11038333 22.5099 126.6623 4.247372447 4.387574144 8.494744894 123910772 123930523 ENSFCAG00000028526 NA
A3 123700118 124023177 6 2 350 21.11038333 22.5099 126.6623 4.247372447 4.387574144 8.494744894 123954717 123964615 ENSFCAG00000031365 SF3B6
A3 123700118 124023177 6 2 350 21.11038333 22.5099 126.6623 4.247372447 4.387574144 8.494744894 123966626 123980028 ENSFCAG00000040740 FKBP1B
A3 123700118 124023177 6 2 350 21.11038333 22.5099 126.6623 4.247372447 4.387574144 8.494744894 124005746 124019699 ENSFCAG00000004302 MFSD2B
A3 123700118 124023177 6 2 350 21.11038333 22.5099 126.6623 4.247372447 4.387574144 8.494744894 124021020 124075261 ENSFCAG00000028218 UBXN2A
A3 123700118 124023177 6 2 350 21.11038333 22.5099 126.6623 4.247372447 4.387574144 8.494744894 123773721 123886363 ENSFCAG00000004308 ITSN2
A3 123700118 124023177 6 2 350 21.11038333 22.5099 126.6623 4.247372447 4.387574144 8.494744894 123991605 123997934 ENSFCAG00000004303 WDCP
B1 116142808 116271329 1 1 100 8.96872 8.96872 8.96872 5.013847142 5.013847142 5.013847142 116014228 116478303 ENSFCAG00000041813 COL25A1
B1 168481035 168901544 5 9 300 14.800098 29.9118 74.00049 4.78793201 5.289425644 43.09138809 168654391 168654630 ENSFCAG00000039360 COX7B2
B1 168481035 168901544 5 9 300 14.800098 29.9118 74.00049 4.78793201 5.289425644 43.09138809 168415018 168483063 ENSFCAG00000019171 GABRA4
B2 31204715 31374870 3 14 200 15.60743333 16.205 46.8223 4.914719233 6.62951691 68.80606926 31283261 31285970 ENSFCAG00000034409 RPP21
B2 31204715 31374870 3 14 200 15.60743333 16.205 46.8223 4.914719233 6.62951691 68.80606926 31329791 31332136 ENSFCAG00000034726 NA
B2 31204715 31374870 3 14 200 15.60743333 16.205 46.8223 4.914719233 6.62951691 68.80606926 31270082 31283147 ENSFCAG00000002034 TRIM39
B2 70503060 70792286 2 1 150 6.02499 6.02499 12.04998 7.662810846 7.662810846 7.662810846 70561410 70567923 ENSFCAG00000009787 COX7A2
B2 70503060 70792286 2 1 150 6.02499 6.02499 12.04998 7.662810846 7.662810846 7.662810846 70577272 70616730 ENSFCAG00000022485 TMEM30A
B2 70503060 70792286 2 1 150 6.02499 6.02499 12.04998 7.662810846 7.662810846 7.662810846 70406989 70525415 ENSFCAG00000027408 COL12A1
B2 70503060 70792286 2 1 150 6.02499 6.02499 12.04998 7.662810846 7.662810846 7.662810846 70625471 70874371 ENSFCAG00000009789 FILIP1
B2 73548920 73938628 2 1 150 7.978195 9.18285 15.95639 7.929171812 7.929171812 7.929171812 73680054 73699140 ENSFCAG00000027121 IRAK1BP1
B2 73548920 73938628 2 1 150 7.978195 9.18285 15.95639 7.929171812 7.929171812 7.929171812 73728871 73863100 ENSFCAG00000009591 PHIP
B3 26103466 26389793 1 2 100 6.65933 6.65933 6.65933 9.048598703 9.455179796 18.09719741 26303996 26388702 ENSFCAG00000011946 GABRA5
B3 26103466 26389793 1 2 100 6.65933 6.65933 6.65933 9.048598703 9.455179796 18.09719741 25908984 26379176 ENSFCAG00000027541 GABRB3
B3 92364994 92983223 5 1 350 8.637282 13.5561 43.18641 4.253176516 4.253176516 4.253176516 92491819 92492004 ENSFCAG00000043465 NA
B3 92364994 92983223 5 1 350 8.637282 13.5561 43.18641 4.253176516 4.253176516 4.253176516 92546328 92675477 ENSFCAG00000012145 LRFN5
B3 134272991 134826075 7 1 450 12.43425571 18.6329 87.03979 8.620977258 8.620977258 8.620977258 134392138 134468233 ENSFCAG00000002955 NA
B3 134272991 134826075 7 1 450 12.43425571 18.6329 87.03979 8.620977258 8.620977258 8.620977258 134480831 134528557 ENSFCAG00000012898 NA
B3 134272991 134826075 7 1 450 12.43425571 18.6329 87.03979 8.620977258 8.620977258 8.620977258 134743527 134803686 ENSFCAG00000010921 TTC8
B3 134272991 134826075 7 1 450 12.43425571 18.6329 87.03979 8.620977258 8.620977258 8.620977258 134338666 134377952 ENSFCAG00000002954 NA
B3 134272991 134826075 7 1 450 12.43425571 18.6329 87.03979 8.620977258 8.620977258 8.620977258 134531044 134713589 ENSFCAG00000036672 NA
B3 134272991 134826075 7 1 450 12.43425571 18.6329 87.03979 8.620977258 8.620977258 8.620977258 134163104 134291658 ENSFCAG00000001433 KCNK10
B4 26364 625723 15 7 800 18.770356 27.0191 281.55534 4.949580661 6.197197079 34.64706462 241184 377368 ENSFCAG00000033980 ZMYND11
B4 26364 625723 15 7 800 18.770356 27.0191 281.55534 4.949580661 6.197197079 34.64706462 412691 823915 ENSFCAG00000000804 DIP2C
B4 1014234 1228286 8 2 450 22.2806875 29.3928 178.2455 5.249291041 5.954864425 10.49858208 1134891 1138944 ENSFCAG00000002714 IDI1
B4 1014234 1228286 8 2 450 22.2806875 29.3928 178.2455 5.249291041 5.954864425 10.49858208 1095015 1121265 ENSFCAG00000026213 GTPBP4
B4 1014234 1228286 8 2 450 22.2806875 29.3928 178.2455 5.249291041 5.954864425 10.49858208 1161426 1208760 ENSFCAG00000008956 WDR37
B4 15687662 15900516 11 2 600 19.28958182 24.2173 212.1854 5.015066441 5.875256807 10.03013288 15784336 16060857 ENSFCAG00000013560 CUBN
B4 15687662 15900516 11 2 600 19.28958182 24.2173 212.1854 5.015066441 5.875256807 10.03013288 15574652 15777121 ENSFCAG00000013559 RSU1
B4 48227797 48521923 1 2 100 6.95717 6.95717 6.95717 7.57721701 7.57721701 15.15443402 48382637 48395331 ENSFCAG00000040370 MANSC1
B4 48227797 48521923 1 2 100 6.95717 6.95717 6.95717 7.57721701 7.57721701 15.15443402 48514052 48558638 ENSFCAG00000028382 DUSP16
B4 48227797 48521923 1 2 100 6.95717 6.95717 6.95717 7.57721701 7.57721701 15.15443402 48409660 48508527 ENSFCAG00000038342 BORCS5
B4 48227797 48521923 1 2 100 6.95717 6.95717 6.95717 7.57721701 7.57721701 15.15443402 48165361 48340043 ENSFCAG00000000044 LRP6
B4 67224721 67586992 8 1 450 11.323015 17.4004 90.58412 4.202243559 4.202243559 4.202243559 67560982 67632351 ENSFCAG00000013379 SYT10
B4 123266945 123552018 6 2 350 15.42701667 22.36 92.5621 5.060108196 5.308791053 10.12021639 123246349 123326411 ENSFCAG00000006469 NR1H4
B4 123266945 123552018 6 2 350 15.42701667 22.36 92.5621 5.060108196 5.308791053 10.12021639 123343304 123380343 ENSFCAG00000023152 GAS2L3
B4 123266945 123552018 6 2 350 15.42701667 22.36 92.5621 5.060108196 5.308791053 10.12021639 123445084 123721149 ENSFCAG00000041393 NA
C1 107610041 110211234 2 2 150 7.882895 9.65338 15.76579 7.919284775 11.59736924 15.83856955 107622970 107625265 ENSFCAG00000034900 NA
C1 107610041 110211234 2 2 150 7.882895 9.65338 15.76579 7.919284775 11.59736924 15.83856955 107672279 107672605 ENSFCAG00000046708 NA
C1 107610041 110211234 2 2 150 7.882895 9.65338 15.76579 7.919284775 11.59736924 15.83856955 107701979 107702347 ENSFCAG00000043540 NA
C1 107610041 110211234 2 2 150 7.882895 9.65338 15.76579 7.919284775 11.59736924 15.83856955 107763319 107763654 ENSFCAG00000036608 NA
C1 107610041 110211234 2 2 150 7.882895 9.65338 15.76579 7.919284775 11.59736924 15.83856955 107782388 107783721 ENSFCAG00000013569 NA
C1 107610041 110211234 2 2 150 7.882895 9.65338 15.76579 7.919284775 11.59736924 15.83856955 107860212 107860481 ENSFCAG00000037339 NA
C1 107610041 110211234 2 2 150 7.882895 9.65338 15.76579 7.919284775 11.59736924 15.83856955 110117698 110117994 ENSFCAG00000044041 LELP1
C1 107610041 110211234 2 2 150 7.882895 9.65338 15.76579 7.919284775 11.59736924 15.83856955 110128423 110128749 ENSFCAG00000044151 PRR9
C1 107610041 110211234 2 2 150 7.882895 9.65338 15.76579 7.919284775 11.59736924 15.83856955 110182775 110183794 ENSFCAG00000039408 NA
C1 107610041 110211234 2 2 150 7.882895 9.65338 15.76579 7.919284775 11.59736924 15.83856955 110207397 110223223 ENSFCAG00000002484 PGLYRP3
C1 153023931 153784332 3 1 250 6.574366667 6.95686 19.7231 4.316622642 4.316622642 4.316622642 153171962 153172108 ENSFCAG00000033669 NA
C1 153023931 153784332 3 1 250 6.574366667 6.95686 19.7231 4.316622642 4.316622642 4.316622642 153355938 153368507 ENSFCAG00000041938 TBR1
C1 153023931 153784332 3 1 250 6.574366667 6.95686 19.7231 4.316622642 4.316622642 4.316622642 153098446 153197325 ENSFCAG00000004774 TANK
C1 153023931 153784332 3 1 250 6.574366667 6.95686 19.7231 4.316622642 4.316622642 4.316622642 153254771 153354486 ENSFCAG00000030865 PSMD14
C1 153023931 153784332 3 1 250 6.574366667 6.95686 19.7231 4.316622642 4.316622642 4.316622642 153484053 153781198 ENSFCAG00000004459 SLC4A10
C1 174998438 175406746 2 1 150 7.31281 7.31281 14.62562 4.322597866 4.322597866 4.322597866 174716811 175005567 ENSFCAG00000023752 ZNF804A
C1 189832068 190275390 2 1 150 9.68265 9.98288 19.3653 4.20457488 4.20457488 4.20457488 189876623 189878874 ENSFCAG00000027770 NA
C1 189832068 190275390 2 1 150 9.68265 9.98288 19.3653 4.20457488 4.20457488 4.20457488 190059727 190138502 ENSFCAG00000022927 CYP20A1
C1 189832068 190275390 2 1 150 9.68265 9.98288 19.3653 4.20457488 4.20457488 4.20457488 189859206 190035335 ENSFCAG00000025997 NBEAL1
C1 189832068 190275390 2 1 150 9.68265 9.98288 19.3653 4.20457488 4.20457488 4.20457488 190165158 190288881 ENSFCAG00000012982 ABI2
C1 189832068 190275390 2 1 150 9.68265 9.98288 19.3653 4.20457488 4.20457488 4.20457488 190249181 190355633 ENSFCAG00000019050 NA
C2 105320785 105822691 12 4 650 25.25556583 45.8822 303.06679 5.974373903 6.699222761 23.89749561 105805188 105815001 ENSFCAG00000013815 OTOL1
C2 112388742 113012107 10 1 650 10.538831 22.1313 105.38831 5.06760586 5.06760586 5.06760586 112384387 112454422 ENSFCAG00000004861 GPR149
C2 112388742 113012107 10 1 650 10.538831 22.1313 105.38831 5.06760586 5.06760586 5.06760586 112461739 112512428 ENSFCAG00000004860 DHX36
C2 112388742 113012107 10 1 650 10.538831 22.1313 105.38831 5.06760586 5.06760586 5.06760586 112516748 112646974 ENSFCAG00000028110 ARHGEF26
D1 66058835 66419040 7 1 400 11.25848 16.9736 78.80936 4.444621938 4.444621938 4.444621938 66129569 66133963 ENSFCAG00000044978 NA
D1 66058835 66419040 7 1 400 11.25848 16.9736 78.80936 4.444621938 4.444621938 4.444621938 66369628 66396594 ENSFCAG00000028968 OLFML1
D1 66058835 66419040 7 1 400 11.25848 16.9736 78.80936 4.444621938 4.444621938 4.444621938 66154247 66354317 ENSFCAG00000005217 SYT9
D1 75014854 75383229 7 1 400 18.01243429 28.0229 126.08704 4.387618324 4.387618324 4.387618324 75110225 75112875 ENSFCAG00000033219 NA
D1 75014854 75383229 7 1 400 18.01243429 28.0229 126.08704 4.387618324 4.387618324 4.387618324 75144421 75150901 ENSFCAG00000042979 NA
D1 75014854 75383229 7 1 400 18.01243429 28.0229 126.08704 4.387618324 4.387618324 4.387618324 75179243 75179602 ENSFCAG00000043970 NA
D1 75014854 75383229 7 1 400 18.01243429 28.0229 126.08704 4.387618324 4.387618324 4.387618324 74896340 75117750 ENSFCAG00000007029 PLEKHA7
D1 75014854 75383229 7 1 400 18.01243429 28.0229 126.08704 4.387618324 4.387618324 4.387618324 75155867 75277314 ENSFCAG00000023161 PIK3C2A
D1 75014854 75383229 7 1 400 18.01243429 28.0229 126.08704 4.387618324 4.387618324 4.387618324 75365521 75387214 ENSFCAG00000007304 NUCB2
D1 81805516 82249231 3 21 300 6.138993333 6.49407 18.41698 5.380495816 7.869047805 112.9904121 82082971 82083309 ENSFCAG00000029930 NA
D1 81805516 82249231 3 21 300 6.138993333 6.49407 18.41698 5.380495816 7.869047805 112.9904121 81565749 82059505 ENSFCAG00000018763 LUZP2
D2 22778272 23567110 2 1 150 7.554535 7.55454 15.10907 10.20337287 10.20337287 10.20337287 22951868 23033895 ENSFCAG00000022707 PHYHIPL
D2 22778272 23567110 2 1 150 7.554535 7.55454 15.10907 10.20337287 10.20337287 10.20337287 23503376 23559609 ENSFCAG00000025804 SLC16A9
D2 22778272 23567110 2 1 150 7.554535 7.55454 15.10907 10.20337287 10.20337287 10.20337287 23034074 23202570 ENSFCAG00000006547 FAM13C
D3 20145379 20173479 1 9 100 12.4009 12.4009 12.4009 5.543635317 7.362416189 49.89271786 20146496 20146816 ENSFCAG00000045098 NA
D3 20145379 20173479 1 9 100 12.4009 12.4009 12.4009 5.543635317 7.362416189 49.89271786 20172068 20172767 ENSFCAG00000024733 NA
D3 20145379 20173479 1 9 100 12.4009 12.4009 12.4009 5.543635317 7.362416189 49.89271786 20106498 20201187 ENSFCAG00000029623 NA
D3 20283188 20322970 1 32 100 15.1504 15.1504 15.1504 5.798224352 8.02379423 185.5431793 20300781 20302851 ENSFCAG00000040770 NA
D3 20931096 21111747 3 14 200 11.0424 13.7598 33.1272 5.61875253 6.294113464 78.66253542 20977583 20978521 ENSFCAG00000025739 NA
D3 20931096 21111747 3 14 200 11.0424 13.7598 33.1272 5.61875253 6.294113464 78.66253542 21010839 21050276 ENSFCAG00000002439 SLC5A4
D3 20931096 21111747 3 14 200 11.0424 13.7598 33.1272 5.61875253 6.294113464 78.66253542 21074086 21152233 ENSFCAG00000001331 SLC5A1
D3 28015328 29477076 50 5 2600 97.7471782 190.315 4887.35891 5.451710356 6.924551122 27.25855178 28067525 28073757 ENSFCAG00000023783 NA
D3 28015328 29477076 50 5 2600 97.7471782 190.315 4887.35891 5.451710356 6.924551122 27.25855178 28235561 28238081 ENSFCAG00000029025 CCDC188
D3 28015328 29477076 50 5 2600 97.7471782 190.315 4887.35891 5.451710356 6.924551122 27.25855178 28266838 28271725 ENSFCAG00000004170 TRMT2A
D3 28015328 29477076 50 5 2600 97.7471782 190.315 4887.35891 5.451710356 6.924551122 27.25855178 28577010 28586338 ENSFCAG00000005446 TBX1
D3 28015328 29477076 50 5 2600 97.7471782 190.315 4887.35891 5.451710356 6.924551122 27.25855178 28618658 28619532 ENSFCAG00000032253 GP1BB
D3 28015328 29477076 50 5 2600 97.7471782 190.315 4887.35891 5.451710356 6.924551122 27.25855178 28763407 28764063 ENSFCAG00000029093 CLDN5
D3 28015328 29477076 50 5 2600 97.7471782 190.315 4887.35891 5.451710356 6.924551122 27.25855178 28829337 28832493 ENSFCAG00000025374 C22orf39
D3 28015328 29477076 50 5 2600 97.7471782 190.315 4887.35891 5.451710356 6.924551122 27.25855178 29082910 29085542 ENSFCAG00000009533 SLC25A1
D3 28015328 29477076 50 5 2600 97.7471782 190.315 4887.35891 5.451710356 6.924551122 27.25855178 29116243 29117534 ENSFCAG00000042776 GSC2
D3 28015328 29477076 50 5 2600 97.7471782 190.315 4887.35891 5.451710356 6.924551122 27.25855178 29133106 29134194 ENSFCAG00000009531 TSSK2
D3 28015328 29477076 50 5 2600 97.7471782 190.315 4887.35891 5.451710356 6.924551122 27.25855178 29138907 29140016 ENSFCAG00000023621 TSSK1B
D3 28015328 29477076 50 5 2600 97.7471782 190.315 4887.35891 5.451710356 6.924551122 27.25855178 29312370 29327078 ENSFCAG00000035533 ZNF74
D3 28015328 29477076 50 5 2600 97.7471782 190.315 4887.35891 5.451710356 6.924551122 27.25855178 28074359 28098784 ENSFCAG00000028790 NA
D3 28015328 29477076 50 5 2600 97.7471782 190.315 4887.35891 5.451710356 6.924551122 27.25855178 28127530 28154661 ENSFCAG00000032911 RTN4R
D3 28015328 29477076 50 5 2600 97.7471782 190.315 4887.35891 5.451710356 6.924551122 27.25855178 28238795 28254734 ENSFCAG00000004172 ZDHHC8
D3 28015328 29477076 50 5 2600 97.7471782 190.315 4887.35891 5.451710356 6.924551122 27.25855178 28258938 28267737 ENSFCAG00000004171 RANBP1
D3 28015328 29477076 50 5 2600 97.7471782 190.315 4887.35891 5.451710356 6.924551122 27.25855178 28272262 28308850 ENSFCAG00000006801 DGCR8
D3 28015328 29477076 50 5 2600 97.7471782 190.315 4887.35891 5.451710356 6.924551122 27.25855178 28315181 28350663 ENSFCAG00000002688 TANGO2
D3 28015328 29477076 50 5 2600 97.7471782 190.315 4887.35891 5.451710356 6.924551122 27.25855178 28360767 28404736 ENSFCAG00000002686 ARVCF
D3 28015328 29477076 50 5 2600 97.7471782 190.315 4887.35891 5.451710356 6.924551122 27.25855178 28405626 28425693 ENSFCAG00000002684 COMT
D3 28015328 29477076 50 5 2600 97.7471782 190.315 4887.35891 5.451710356 6.924551122 27.25855178 28499674 28559695 ENSFCAG00000018235 GNB1L
D3 28015328 29477076 50 5 2600 97.7471782 190.315 4887.35891 5.451710356 6.924551122 27.25855178 28619523 28628929 ENSFCAG00000035936 NA
D3 28015328 29477076 50 5 2600 97.7471782 190.315 4887.35891 5.451710356 6.924551122 27.25855178 28766917 28834092 ENSFCAG00000004297 CDC45
D3 28015328 29477076 50 5 2600 97.7471782 190.315 4887.35891 5.451710356 6.924551122 27.25855178 28801353 28827581 ENSFCAG00000004294 UFD1
D3 28015328 29477076 50 5 2600 97.7471782 190.315 4887.35891 5.451710356 6.924551122 27.25855178 28841164 28934928 ENSFCAG00000002750 HIRA
D3 28015328 29477076 50 5 2600 97.7471782 190.315 4887.35891 5.451710356 6.924551122 27.25855178 28976605 29082225 ENSFCAG00000002747 CLTCL1
D3 28015328 29477076 50 5 2600 97.7471782 190.315 4887.35891 5.451710356 6.924551122 27.25855178 29121664 29130947 ENSFCAG00000029613 ESS2
D3 28015328 29477076 50 5 2600 97.7471782 190.315 4887.35891 5.451710356 6.924551122 27.25855178 29363202 29407815 ENSFCAG00000005998 KLHL22
D3 28015328 29477076 50 5 2600 97.7471782 190.315 4887.35891 5.451710356 6.924551122 27.25855178 29419199 29489190 ENSFCAG00000005999 MED15
D3 28015328 29477076 50 5 2600 97.7471782 190.315 4887.35891 5.451710356 6.924551122 27.25855178 28425701 28475966 ENSFCAG00000002682 TXNRD2
D3 28015328 29477076 50 5 2600 97.7471782 190.315 4887.35891 5.451710356 6.924551122 27.25855178 28833965 28840963 ENSFCAG00000002752 MRPL40
D3 28015328 29477076 50 5 2600 97.7471782 190.315 4887.35891 5.451710356 6.924551122 27.25855178 29142760 29238147 ENSFCAG00000009527 DGCR2
D3 28015328 29477076 50 5 2600 97.7471782 190.315 4887.35891 5.451710356 6.924551122 27.25855178 29350843 29362874 ENSFCAG00000019214 SCARF2
D3 29733174 30748187 26 5 1350 48.18536769 107.203 1252.81956 5.052001779 5.731521455 25.2600089 29903238 29916239 ENSFCAG00000006002 SERPIND1
D3 29733174 30748187 26 5 1350 48.18536769 107.203 1252.81956 5.052001779 5.731521455 25.2600089 29975743 29978241 ENSFCAG00000003742 NA
D3 29733174 30748187 26 5 1350 48.18536769 107.203 1252.81956 5.052001779 5.731521455 25.2600089 29992713 29996324 ENSFCAG00000023903 HIC2
D3 29733174 30748187 26 5 1350 48.18536769 107.203 1252.81956 5.052001779 5.731521455 25.2600089 30107154 30109041 ENSFCAG00000008011 YDJC
D3 29733174 30748187 26 5 1350 48.18536769 107.203 1252.81956 5.052001779 5.731521455 25.2600089 30120210 30122253 ENSFCAG00000008014 SDF2L1
D3 29733174 30748187 26 5 1350 48.18536769 107.203 1252.81956 5.052001779 5.731521455 25.2600089 30170644 30179128 ENSFCAG00000040144 YPEL1
D3 29733174 30748187 26 5 1350 48.18536769 107.203 1252.81956 5.052001779 5.731521455 25.2600089 30510341 30510881 ENSFCAG00000046581 VPREB1
D3 29733174 30748187 26 5 1350 48.18536769 107.203 1252.81956 5.052001779 5.731521455 25.2600089 30574190 30575536 ENSFCAG00000034836 ZNF70
D3 29733174 30748187 26 5 1350 48.18536769 107.203 1252.81956 5.052001779 5.731521455 25.2600089 30580573 30581872 ENSFCAG00000004058 VPREB3
D3 29733174 30748187 26 5 1350 48.18536769 107.203 1252.81956 5.052001779 5.731521455 25.2600089 30585450 30587684 ENSFCAG00000004065 NA
D3 29733174 30748187 26 5 1350 48.18536769 107.203 1252.81956 5.052001779 5.731521455 25.2600089 30592099 30602474 ENSFCAG00000015309 MMP11
D3 29733174 30748187 26 5 1350 48.18536769 107.203 1252.81956 5.052001779 5.731521455 25.2600089 30694697 30695585 ENSFCAG00000004071 MIF
D3 29733174 30748187 26 5 1350 48.18536769 107.203 1252.81956 5.052001779 5.731521455 25.2600089 29730712 29746810 ENSFCAG00000006007 LZTR1
D3 29733174 30748187 26 5 1350 48.18536769 107.203 1252.81956 5.052001779 5.731521455 25.2600089 29768298 29808986 ENSFCAG00000006004 CRKL
D3 29733174 30748187 26 5 1350 48.18536769 107.203 1252.81956 5.052001779 5.731521455 25.2600089 29829048 29855302 ENSFCAG00000042983 SNAP29
D3 29733174 30748187 26 5 1350 48.18536769 107.203 1252.81956 5.052001779 5.731521455 25.2600089 30031154 30036079 ENSFCAG00000008005 NA
D3 29733174 30748187 26 5 1350 48.18536769 107.203 1252.81956 5.052001779 5.731521455 25.2600089 30034544 30102661 ENSFCAG00000008008 UBE2L3
D3 29733174 30748187 26 5 1350 48.18536769 107.203 1252.81956 5.052001779 5.731521455 25.2600089 30128127 30138194 ENSFCAG00000031033 NA
D3 29733174 30748187 26 5 1350 48.18536769 107.203 1252.81956 5.052001779 5.731521455 25.2600089 30356230 30386350 ENSFCAG00000002630 PPM1F
D3 29733174 30748187 26 5 1350 48.18536769 107.203 1252.81956 5.052001779 5.731521455 25.2600089 30391409 30408546 ENSFCAG00000002631 TOP3B
D3 29733174 30748187 26 5 1350 48.18536769 107.203 1252.81956 5.052001779 5.731521455 25.2600089 30587829 30589776 ENSFCAG00000004059 CHCHD10
D3 29733174 30748187 26 5 1350 48.18536769 107.203 1252.81956 5.052001779 5.731521455 25.2600089 30602976 30639882 ENSFCAG00000004068 SMARCB1
D3 29733174 30748187 26 5 1350 48.18536769 107.203 1252.81956 5.052001779 5.731521455 25.2600089 30634961 30644435 ENSFCAG00000004069 DERL3
D3 29733174 30748187 26 5 1350 48.18536769 107.203 1252.81956 5.052001779 5.731521455 25.2600089 29747755 29762110 ENSFCAG00000006006 AIFM3
D3 29733174 30748187 26 5 1350 48.18536769 107.203 1252.81956 5.052001779 5.731521455 25.2600089 29855475 29967548 ENSFCAG00000006001 PI4KA
D3 29733174 30748187 26 5 1350 48.18536769 107.203 1252.81956 5.052001779 5.731521455 25.2600089 30139478 30174510 ENSFCAG00000002622 PPIL2
D3 29733174 30748187 26 5 1350 48.18536769 107.203 1252.81956 5.052001779 5.731521455 25.2600089 30226311 30327609 ENSFCAG00000023435 MAPK1
D3 29733174 30748187 26 5 1350 48.18536769 107.203 1252.81956 5.052001779 5.731521455 25.2600089 30530698 30544799 ENSFCAG00000040179 NA
D3 29733174 30748187 26 5 1350 48.18536769 107.203 1252.81956 5.052001779 5.731521455 25.2600089 30657317 30678101 ENSFCAG00000004070 NA
D3 74023276 74344266 21 317 1100 137.4645619 165.969 2886.7558 5.207229216 7.573178775 1650.691661 73790195 74937612 ENSFCAG00000012953 DCC
D3 85105239 85758801 13 8 700 21.44279923 35.1296 278.75639 4.970207529 6.424072159 39.76166023 85194348 85318596 ENSFCAG00000019323 CDH7
D4 57085148 58111725 6 1 400 7.182346667 9.17838 43.09408 7.835129093 7.835129093 7.835129093 57098490 57099197 ENSFCAG00000015504 TMEM215
D4 57085148 58111725 6 1 400 7.182346667 9.17838 43.09408 7.835129093 7.835129093 7.835129093 57105437 57108650 ENSFCAG00000034917 NA
D4 57085148 58111725 6 1 400 7.182346667 9.17838 43.09408 7.835129093 7.835129093 7.835129093 57492172 57507564 ENSFCAG00000030992 CHMP5
D4 57085148 58111725 6 1 400 7.182346667 9.17838 43.09408 7.835129093 7.835129093 7.835129093 57727194 57727409 ENSFCAG00000044980 NA
D4 57085148 58111725 6 1 400 7.182346667 9.17838 43.09408 7.835129093 7.835129093 7.835129093 57223814 57264101 ENSFCAG00000008728 APTX
D4 57085148 58111725 6 1 400 7.182346667 9.17838 43.09408 7.835129093 7.835129093 7.835129093 57289594 57300800 ENSFCAG00000008729 DNAJA1
D4 57085148 58111725 6 1 400 7.182346667 9.17838 43.09408 7.835129093 7.835129093 7.835129093 57306553 57335952 ENSFCAG00000008730 SMU1
D4 57085148 58111725 6 1 400 7.182346667 9.17838 43.09408 7.835129093 7.835129093 7.835129093 57468169 57476416 ENSFCAG00000046520 SPINK4
D4 57085148 58111725 6 1 400 7.182346667 9.17838 43.09408 7.835129093 7.835129093 7.835129093 57481547 57491812 ENSFCAG00000019280 BAG1
D4 57085148 58111725 6 1 400 7.182346667 9.17838 43.09408 7.835129093 7.835129093 7.835129093 57603748 57620789 ENSFCAG00000023894 NA
D4 57085148 58111725 6 1 400 7.182346667 9.17838 43.09408 7.835129093 7.835129093 7.835129093 57650672 57659204 ENSFCAG00000033842 AQP3
D4 57085148 58111725 6 1 400 7.182346667 9.17838 43.09408 7.835129093 7.835129093 7.835129093 57809504 57892884 ENSFCAG00000009693 UBAP2
D4 57085148 58111725 6 1 400 7.182346667 9.17838 43.09408 7.835129093 7.835129093 7.835129093 57959370 57998962 ENSFCAG00000024965 DCAF12
D4 57085148 58111725 6 1 400 7.182346667 9.17838 43.09408 7.835129093 7.835129093 7.835129093 57352603 57410186 ENSFCAG00000031666 B4GALT1
D4 57085148 58111725 6 1 400 7.182346667 9.17838 43.09408 7.835129093 7.835129093 7.835129093 57516451 57593126 ENSFCAG00000007905 NFX1
D4 57085148 58111725 6 1 400 7.182346667 9.17838 43.09408 7.835129093 7.835129093 7.835129093 57692036 57809522 ENSFCAG00000039321 UBE2R2
D4 57085148 58111725 6 1 400 7.182346667 9.17838 43.09408 7.835129093 7.835129093 7.835129093 58050619 58115917 ENSFCAG00000031479 UBAP1
D4 57085148 58111725 6 1 400 7.182346667 9.17838 43.09408 7.835129093 7.835129093 7.835129093 57668684 57682305 ENSFCAG00000006677 NOL6
D4 76915509 77308153 13 4 700 20.50849 43.5086 266.61037 4.693404016 5.067485353 18.77361606 76919625 77015039 ENSFCAG00000004938 TNC
D4 78550535 78592326 1 1 100 9.24519 9.24519 9.24519 5.112536602 5.112536602 5.112536602 78095875 79013642 ENSFCAG00000011484 ASTN2
E1 13574335 14024687 17 2 950 81.16107529 115.657 1379.73828 4.719022144 4.813095612 9.438044287 13629763 13630707 ENSFCAG00000041626 NA
E1 13574335 14024687 17 2 950 81.16107529 115.657 1379.73828 4.719022144 4.813095612 9.438044287 13654824 13655768 ENSFCAG00000045673 NA
E1 13574335 14024687 17 2 950 81.16107529 115.657 1379.73828 4.719022144 4.813095612 9.438044287 13672694 13673650 ENSFCAG00000033740 NA
E1 13574335 14024687 17 2 950 81.16107529 115.657 1379.73828 4.719022144 4.813095612 9.438044287 13679592 13680536 ENSFCAG00000044826 NA
E1 13574335 14024687 17 2 950 81.16107529 115.657 1379.73828 4.719022144 4.813095612 9.438044287 13717429 13718376 ENSFCAG00000036646 NA
E1 13574335 14024687 17 2 950 81.16107529 115.657 1379.73828 4.719022144 4.813095612 9.438044287 13743248 13744195 ENSFCAG00000029700 NA
E1 13574335 14024687 17 2 950 81.16107529 115.657 1379.73828 4.719022144 4.813095612 9.438044287 13764161 13766578 ENSFCAG00000038435 NA
E1 13574335 14024687 17 2 950 81.16107529 115.657 1379.73828 4.719022144 4.813095612 9.438044287 13790219 13791184 ENSFCAG00000033926 OR3A3
E1 13574335 14024687 17 2 950 81.16107529 115.657 1379.73828 4.719022144 4.813095612 9.438044287 13847096 13848025 ENSFCAG00000042337 NA
E1 13574335 14024687 17 2 950 81.16107529 115.657 1379.73828 4.719022144 4.813095612 9.438044287 13869613 13870542 ENSFCAG00000041995 NA
E1 13574335 14024687 17 2 950 81.16107529 115.657 1379.73828 4.719022144 4.813095612 9.438044287 13882243 13883172 ENSFCAG00000046628 NA
E1 13574335 14024687 17 2 950 81.16107529 115.657 1379.73828 4.719022144 4.813095612 9.438044287 13896229 13897170 ENSFCAG00000009157 OR1G1
E1 13574335 14024687 17 2 950 81.16107529 115.657 1379.73828 4.719022144 4.813095612 9.438044287 13908516 13909457 ENSFCAG00000041953 NA
E1 13574335 14024687 17 2 950 81.16107529 115.657 1379.73828 4.719022144 4.813095612 9.438044287 13934267 13935208 ENSFCAG00000045989 NA
E1 13574335 14024687 17 2 950 81.16107529 115.657 1379.73828 4.719022144 4.813095612 9.438044287 13943799 13944794 ENSFCAG00000031088 NA
E1 13574335 14024687 17 2 950 81.16107529 115.657 1379.73828 4.719022144 4.813095612 9.438044287 13545133 13581729 ENSFCAG00000007920 TRPV3
E1 13574335 14024687 17 2 950 81.16107529 115.657 1379.73828 4.719022144 4.813095612 9.438044287 13585527 13602827 ENSFCAG00000029980 ASPA
E1 13574335 14024687 17 2 950 81.16107529 115.657 1379.73828 4.719022144 4.813095612 9.438044287 13609772 13623629 ENSFCAG00000028001 SPATA22
E1 13574335 14024687 17 2 950 81.16107529 115.657 1379.73828 4.719022144 4.813095612 9.438044287 13796730 13896658 ENSFCAG00000039141 NA
E1 13574335 14024687 17 2 950 81.16107529 115.657 1379.73828 4.719022144 4.813095612 9.438044287 13982157 14208638 ENSFCAG00000007849 RAP1GAP2
E1 21368015 21545537 7 1 450 7.066812857 9.20204 49.46769 4.45750628 4.45750628 4.45750628 20994573 22008928 ENSFCAG00000018329 ASIC2
E1 24490987 24811531 8 20 450 28.85084875 33.371 230.80679 5.20284473 6.015775011 104.0568946 24629058 24637098 ENSFCAG00000007033 DHRS11
E1 24490987 24811531 8 20 450 28.85084875 33.371 230.80679 5.20284473 6.015775011 104.0568946 24680706 24682211 ENSFCAG00000026395 PIGW
E1 24490987 24811531 8 20 450 28.85084875 33.371 230.80679 5.20284473 6.015775011 104.0568946 24716091 24716216 ENSFCAG00000041062 NA
E1 24490987 24811531 8 20 450 28.85084875 33.371 230.80679 5.20284473 6.015775011 104.0568946 24623880 24627394 ENSFCAG00000031667 MRM1
E1 24490987 24811531 8 20 450 28.85084875 33.371 230.80679 5.20284473 6.015775011 104.0568946 24686415 24715225 ENSFCAG00000011616 MYO19
E1 24490987 24811531 8 20 450 28.85084875 33.371 230.80679 5.20284473 6.015775011 104.0568946 24636968 24674191 ENSFCAG00000007032 GGNBP2
E1 41894948 42104740 3 18 200 9.284396667 9.64032 27.85319 5.378599652 5.837553733 96.81479374 41896339 41896827 ENSFCAG00000027774 NA
E1 41894948 42104740 3 18 200 9.284396667 9.64032 27.85319 5.378599652 5.837553733 96.81479374 41906150 41906533 ENSFCAG00000042847 NA
E1 41894948 42104740 3 18 200 9.284396667 9.64032 27.85319 5.378599652 5.837553733 96.81479374 41912999 41913385 ENSFCAG00000042617 NA
E1 41894948 42104740 3 18 200 9.284396667 9.64032 27.85319 5.378599652 5.837553733 96.81479374 41917643 41918035 ENSFCAG00000046266 NA
E1 41894948 42104740 3 18 200 9.284396667 9.64032 27.85319 5.378599652 5.837553733 96.81479374 41922935 41923339 ENSFCAG00000045029 NA
E1 41894948 42104740 3 18 200 9.284396667 9.64032 27.85319 5.378599652 5.837553733 96.81479374 42082097 42082360 ENSFCAG00000041537 NA
E1 41894948 42104740 3 18 200 9.284396667 9.64032 27.85319 5.378599652 5.837553733 96.81479374 41959773 41998955 ENSFCAG00000045780 KRTAP4-3
E1 41894948 42104740 3 18 200 9.284396667 9.64032 27.85319 5.378599652 5.837553733 96.81479374 41930200 41954236 ENSFCAG00000045055 NA
E2 27401866 28083375 4 6 250 8.22357 10.2471 32.89428 4.613563339 4.613563339 27.68138003 27401174 27460127 ENSFCAG00000044763 NETO2
E2 27401866 28083375 4 6 250 8.22357 10.2471 32.89428 4.613563339 4.613563339 27.68138003 27467703 27821080 ENSFCAG00000008579 ITFG1
E2 27401866 28083375 4 6 250 8.22357 10.2471 32.89428 4.613563339 4.613563339 27.68138003 27821202 28177770 ENSFCAG00000008580 PHKB
E2 32965021 33282582 6 3 350 19.20441667 24.9385 115.2265 5.095766642 5.690632247 15.28729993 33185674 33243545 ENSFCAG00000018239 RBL2
E2 32965021 33282582 6 3 350 19.20441667 24.9385 115.2265 5.095766642 5.690632247 15.28729993 33242584 33285378 ENSFCAG00000009131 AKTIP
E2 32965021 33282582 6 3 350 19.20441667 24.9385 115.2265 5.095766642 5.690632247 15.28729993 33010242 33165716 ENSFCAG00000022534 CHD9
E3 39926701 40309598 14 3 750 12.199325 22.2354 170.79055 4.932745442 5.80649364 14.79823633 40295156 40324433 ENSFCAG00000024232 NA
E3 39926701 40309598 14 3 750 12.199325 22.2354 170.79055 4.932745442 5.80649364 14.79823633 38153519 40233347 ENSFCAG00000025322 RBFOX1
F1 18651605 19024261 10 1 550 28.534341 45.0903 285.34341 4.436537549 4.436537549 4.436537549 18348959 19044324 ENSFCAG00000026642 RABGAP1L
F1 33182116 33267538 2 4 150 7.528165 8.08954 15.05633 4.208348793 4.287946841 16.83339517 33151050 33216574 ENSFCAG00000025917 PPP2R5A
F1 47308776 47973171 4 3 250 7.3068975 8.07216 29.22759 5.255550987 6.942711884 15.76665296 47129140 47492053 ENSFCAG00000030400 KCNT2
F2 7755955 7989340 6 1 350 10.42390667 12.5925 62.54344 4.443087242 4.443087242 4.443087242 7944211 7972281 ENSFCAG00000013774 OPRK1
F2 81517158 81699601 7 2 450 13.44149143 21.8562 94.09044 4.625595171 5.204773475 9.251190341 81694437 81775125 ENSFCAG00000045680 KCNK9
