chr start end windows snps snps_density lassi_mean lassi_max lassi_sum ihs_mean ihs_max ihs_sum gene_start gene_end ensembl_id gene_name
A1 51961647 52301745 10 1 550 61.60643 79.6836 616.0643 4.126471219 4.126471219 4.126471219 51922115 51983838 ENSFCAG00000003034 SLAIN1
A1 51961647 52301745 10 1 550 61.60643 79.6836 616.0643 4.126471219 4.126471219 4.126471219 52135912 52161085 ENSFCAG00000023007 EDNRB
A1 164251722 164638131 13 1 700 54.28585385 96.3787 705.7161 4.626960425 4.626960425 4.626960425 164199986 164297836 ENSFCAG00000021920 ST8SIA4
A2 51161935 51202072 1 11 100 41.9921 41.9921 41.9921 4.432977132 5.561544309 48.76274845 51174115 51183312 ENSFCAG00000029458 CRELD1
A2 51161935 51202072 1 11 100 41.9921 41.9921 41.9921 4.432977132 5.561544309 48.76274845 51183858 51191077 ENSFCAG00000014208 PRRT3
A2 51161935 51202072 1 11 100 41.9921 41.9921 41.9921 4.432977132 5.561544309 48.76274845 51162077 51173982 ENSFCAG00000014203 IL17RC
A2 51161935 51202072 1 11 100 41.9921 41.9921 41.9921 4.432977132 5.561544309 48.76274845 51201951 51220059 ENSFCAG00000024898 EMC3
A2 144932777 145125095 4 1 250 32.04035 38.7355 128.1614 4.105112441 4.105112441 4.105112441 144934979 145699398 ENSFCAG00000003843 GRM8
A3 124240908 124502443 9 1 500 54.00148889 80.4907 486.0134 4.033297707 4.033297707 4.033297707 124084752 124251717 ENSFCAG00000030573 ATAD2B
A3 124240908 124502443 9 1 500 54.00148889 80.4907 486.0134 4.033297707 4.033297707 4.033297707 124277531 124589408 ENSFCAG00000003613 KLHL29
B1 202576615 203466625 37 1 1900 106.9930757 236.469 3958.7438 4.107570391 4.107570391 4.107570391 202775346 202814159 ENSFCAG00000004076 NA
B1 202576615 203466625 37 1 1900 106.9930757 236.469 3958.7438 4.107570391 4.107570391 4.107570391 203000967 203020231 ENSFCAG00000004078 NA
B1 202576615 203466625 37 1 1900 106.9930757 236.469 3958.7438 4.107570391 4.107570391 4.107570391 203057188 203094789 ENSFCAG00000004079 NA
B1 202576615 203466625 37 1 1900 106.9930757 236.469 3958.7438 4.107570391 4.107570391 4.107570391 203112765 203129886 ENSFCAG00000044081 NA
B1 202576615 203466625 37 1 1900 106.9930757 236.469 3958.7438 4.107570391 4.107570391 4.107570391 203250832 203280221 ENSFCAG00000040449 WFS1
B1 202576615 203466625 37 1 1900 106.9930757 236.469 3958.7438 4.107570391 4.107570391 4.107570391 202637266 202766514 ENSFCAG00000004075 EVC2
B1 202576615 203466625 37 1 1900 106.9930757 236.469 3958.7438 4.107570391 4.107570391 4.107570391 202854400 202932146 ENSFCAG00000004077 CRMP1
B1 202576615 203466625 37 1 1900 106.9930757 236.469 3958.7438 4.107570391 4.107570391 4.107570391 202206083 202601312 ENSFCAG00000004074 STK32B
B1 202576615 203466625 37 1 1900 106.9930757 236.469 3958.7438 4.107570391 4.107570391 4.107570391 203289917 203429891 ENSFCAG00000006161 PPP2R2C
B2 147811803 148078942 9 1 500 36.67386667 49.5434 330.0648 4.005206388 4.005206388 4.005206388 147693875 149043088 ENSFCAG00000038081 PRKN
C1 7989732 8226971 9 2 500 35.47543333 45.8735 319.2789 4.113615149 4.209560524 8.227230298 8004923 8008971 ENSFCAG00000015657 NA
C1 7989732 8226971 9 2 500 35.47543333 45.8735 319.2789 4.113615149 4.209560524 8.227230298 8103307 8109723 ENSFCAG00000000055 ANGPTL7
C1 7989732 8226971 9 2 500 35.47543333 45.8735 319.2789 4.113615149 4.209560524 8.227230298 8014056 8038710 ENSFCAG00000000052 EXOSC10
C1 7989732 8226971 9 2 500 35.47543333 45.8735 319.2789 4.113615149 4.209560524 8.227230298 8179229 8201887 ENSFCAG00000038736 UBIAD1
C1 7989732 8226971 9 2 500 35.47543333 45.8735 319.2789 4.113615149 4.209560524 8.227230298 7986546 7999960 ENSFCAG00000000051 MASP2
C1 7989732 8226971 9 2 500 35.47543333 45.8735 319.2789 4.113615149 4.209560524 8.227230298 8041553 8175764 ENSFCAG00000000053 MTOR
C1 99911772 100415276 21 4 1100 43.69024286 61.9594 917.4951 4.536458301 4.694617132 18.1458332 100270245 100283073 ENSFCAG00000001976 CD2
C1 99911772 100415276 21 4 1100 43.69024286 61.9594 917.4951 4.536458301 4.694617132 18.1458332 99903613 99933842 ENSFCAG00000013378 ATP1A1
C1 99911772 100415276 21 4 1100 43.69024286 61.9594 917.4951 4.536458301 4.694617132 18.1458332 100404983 100492555 ENSFCAG00000001977 PTGFRN
C1 99911772 100415276 21 4 1100 43.69024286 61.9594 917.4951 4.536458301 4.694617132 18.1458332 100106212 100200569 ENSFCAG00000011343 IGSF3
D2 84066065 84244918 9 6 500 30.85051111 37.8033 277.6546 4.256127819 4.891611972 25.53676691 84056765 84073920 ENSFCAG00000041830 NA
D2 84066065 84244918 9 6 500 30.85051111 37.8033 277.6546 4.256127819 4.891611972 25.53676691 84121852 84136486 ENSFCAG00000040514 NA
D3 20265578 20323264 2 10 150 30.98635 31.8316 61.9727 5.146800663 6.832680935 51.46800663 20281221 20282520 ENSFCAG00000046203 NA
D3 20265578 20323264 2 10 150 30.98635 31.8316 61.9727 5.146800663 6.832680935 51.46800663 20300781 20302851 ENSFCAG00000040770 NA
D3 74033938 74348206 28 243 1450 125.6583929 176.21 3518.435 4.629126559 6.021776215 1124.877754 73790195 74937612 ENSFCAG00000012953 DCC
D4 31285433 31499529 3 5 200 30.97933333 34.5076 92.938 6.248816469 6.613381965 31.24408235 31369405 31379501 ENSFCAG00000043907 ZNF658
E3 3033602 3991211 40 3 2050 62.17503 114.91 2487.0012 4.202189752 4.287627425 12.60656926 3127378 3142620 ENSFCAG00000044837 NA
E3 3033602 3991211 40 3 2050 62.17503 114.91 2487.0012 4.202189752 4.287627425 12.60656926 3937393 3949143 ENSFCAG00000009983 AP5Z1
E3 3033602 3991211 40 3 2050 62.17503 114.91 2487.0012 4.202189752 4.287627425 12.60656926 3952249 4035904 ENSFCAG00000009986 RADIL
E3 3033602 3991211 40 3 2050 62.17503 114.91 2487.0012 4.202189752 4.287627425 12.60656926 3417710 3658630 ENSFCAG00000012315 NA
E3 3033602 3991211 40 3 2050 62.17503 114.91 2487.0012 4.202189752 4.287627425 12.60656926 3862552 3932656 ENSFCAG00000041605 FOXK1
E3 23312888 24569728 53 2 2750 77.51844906 162.1 4108.4778 4.16784035 4.279314107 8.335680699 23869072 24263566 ENSFCAG00000022747 HS3ST4
