chr start end windows snps snps_density lassi_mean lassi_max lassi_sum ihs_mean ihs_max ihs_sum gene_start gene_end ensembl_id gene_name
A1 9438560 9812626 4 1 250 12.831205 16.1522 51.32482 4.171709653 4.171709653 4.171709653 9737682 9743967 ENSFCAG00000000200 HMGB1
A1 9438560 9812626 4 1 250 12.831205 16.1522 51.32482 4.171709653 4.171709653 4.171709653 9487018 9637918 ENSFCAG00000032001 KATNAL1
A1 177096741 177332905 3 2 200 10.39187333 14.1807 31.17562 5.049384074 5.986510737 10.09876815 177190999 177191211 ENSFCAG00000025391 NA
A1 233940389 234281290 4 1 300 8.812825 10.3684 35.2513 5.286251328 5.286251328 5.286251328 233913365 233944100 ENSFCAG00000032607 NA
A1 233940389 234281290 4 1 300 8.812825 10.3684 35.2513 5.286251328 5.286251328 5.286251328 233993605 234009378 ENSFCAG00000028005 CMBL
A1 233940389 234281290 4 1 300 8.812825 10.3684 35.2513 5.286251328 5.286251328 5.286251328 234009409 234024823 ENSFCAG00000003129 CCT5
A1 233940389 234281290 4 1 300 8.812825 10.3684 35.2513 5.286251328 5.286251328 5.286251328 234025030 234042802 ENSFCAG00000027158 ATPSCKMT
A2 12306133 12731112 4 2 250 9.3121875 10.3492 37.24875 4.246047938 4.401562839 8.492095876 12506536 12507992 ENSFCAG00000001577 F2RL3
A2 12306133 12731112 4 2 250 9.3121875 10.3492 37.24875 4.246047938 4.401562839 8.492095876 12263865 12316598 ENSFCAG00000022360 NA
A2 12306133 12731112 4 2 250 9.3121875 10.3492 37.24875 4.246047938 4.401562839 8.492095876 12333754 12345603 ENSFCAG00000016411 SMIM7
A2 12306133 12731112 4 2 250 9.3121875 10.3492 37.24875 4.246047938 4.401562839 8.492095876 12346579 12366523 ENSFCAG00000024691 TMEM38A
A2 12306133 12731112 4 2 250 9.3121875 10.3492 37.24875 4.246047938 4.401562839 8.492095876 12389959 12451628 ENSFCAG00000013175 NWD1
A2 12306133 12731112 4 2 250 9.3121875 10.3492 37.24875 4.246047938 4.401562839 8.492095876 12464620 12500616 ENSFCAG00000001576 SIN3B
A2 12306133 12731112 4 2 250 9.3121875 10.3492 37.24875 4.246047938 4.401562839 8.492095876 12628436 12646655 ENSFCAG00000001579 HAUS8
A2 12306133 12731112 4 2 250 9.3121875 10.3492 37.24875 4.246047938 4.401562839 8.492095876 12669261 12739230 ENSFCAG00000000996 MYO9B
A2 12306133 12731112 4 2 250 9.3121875 10.3492 37.24875 4.246047938 4.401562839 8.492095876 12559264 12594437 ENSFCAG00000001578 NA
A2 146708036 146991747 2 1 150 8.28504 8.28504 16.57008 4.839417341 4.839417341 4.839417341 146834828 146838991 ENSFCAG00000000952 OPN1SW
A2 146708036 146991747 2 1 150 8.28504 8.28504 16.57008 4.839417341 4.839417341 4.839417341 146916947 146920133 ENSFCAG00000000364 ATP6V1F
A2 146708036 146991747 2 1 150 8.28504 8.28504 16.57008 4.839417341 4.839417341 4.839417341 146920254 146922852 ENSFCAG00000030475 ATP6V1FNB
A2 146708036 146991747 2 1 150 8.28504 8.28504 16.57008 4.839417341 4.839417341 4.839417341 146749687 146765533 ENSFCAG00000000950 FAM71F2
A2 146708036 146991747 2 1 150 8.28504 8.28504 16.57008 4.839417341 4.839417341 4.839417341 146780799 146796422 ENSFCAG00000008096 FAM71F1
A2 146708036 146991747 2 1 150 8.28504 8.28504 16.57008 4.839417341 4.839417341 4.839417341 146803033 146834538 ENSFCAG00000034966 CALU
A2 146708036 146991747 2 1 150 8.28504 8.28504 16.57008 4.839417341 4.839417341 4.839417341 146851699 146874870 ENSFCAG00000000953 NA
A2 146708036 146991747 2 1 150 8.28504 8.28504 16.57008 4.839417341 4.839417341 4.839417341 146865331 146882846 ENSFCAG00000043434 NA
A2 146708036 146991747 2 1 150 8.28504 8.28504 16.57008 4.839417341 4.839417341 4.839417341 146885674 146911934 ENSFCAG00000000954 FLNC
A2 146708036 146991747 2 1 150 8.28504 8.28504 16.57008 4.839417341 4.839417341 4.839417341 146977266 146985182 ENSFCAG00000000956 IRF5
A2 146708036 146991747 2 1 150 8.28504 8.28504 16.57008 4.839417341 4.839417341 4.839417341 146985600 147064264 ENSFCAG00000018186 TNPO3
A2 167450265 167490263 1 1 100 6.54823 6.54823 6.54823 4.515968003 4.515968003 4.515968003 167475483 168195666 ENSFCAG00000008374 DPP6
A3 3483805 4020019 9 1 500 11.08052778 13.2446 99.72475 4.169993415 4.169993415 4.169993415 3717604 3718497 ENSFCAG00000031527 PPP1R3D
A3 3483805 4020019 9 1 500 11.08052778 13.2446 99.72475 4.169993415 4.169993415 4.169993415 3658948 3700160 ENSFCAG00000005129 CDH26
A3 3483805 4020019 9 1 500 11.08052778 13.2446 99.72475 4.169993415 4.169993415 4.169993415 3734630 3801276 ENSFCAG00000005127 SYCP2
A3 3483805 4020019 9 1 500 11.08052778 13.2446 99.72475 4.169993415 4.169993415 4.169993415 3813606 4050803 ENSFCAG00000005126 PHACTR3
A3 43452773 44114661 2 2 200 7.291065 7.78824 14.58213 4.31210885 4.31210885 8.6242177 43640127 43643982 ENSFCAG00000035351 PET117
A3 43452773 44114661 2 2 200 7.291065 7.78824 14.58213 4.31210885 4.31210885 8.6242177 43520291 43537372 ENSFCAG00000023195 MGME1
A3 43452773 44114661 2 2 200 7.291065 7.78824 14.58213 4.31210885 4.31210885 8.6242177 43557616 43587348 ENSFCAG00000027530 OVOL2
A3 43452773 44114661 2 2 200 7.291065 7.78824 14.58213 4.31210885 4.31210885 8.6242177 43817670 43885503 ENSFCAG00000025812 DZANK1
A3 43452773 44114661 2 2 200 7.291065 7.78824 14.58213 4.31210885 4.31210885 8.6242177 43888475 43902563 ENSFCAG00000013828 POLR3F
A3 43452773 44114661 2 2 200 7.291065 7.78824 14.58213 4.31210885 4.31210885 8.6242177 43923962 43970254 ENSFCAG00000013833 SEC23B
A3 43452773 44114661 2 2 200 7.291065 7.78824 14.58213 4.31210885 4.31210885 8.6242177 43492749 43520143 ENSFCAG00000005801 SNX5
A3 43452773 44114661 2 2 200 7.291065 7.78824 14.58213 4.31210885 4.31210885 8.6242177 43644025 43681779 ENSFCAG00000005811 KAT14
A3 43452773 44114661 2 2 200 7.291065 7.78824 14.58213 4.31210885 4.31210885 8.6242177 43764476 43793384 ENSFCAG00000014251 NA
A3 43452773 44114661 2 2 200 7.291065 7.78824 14.58213 4.31210885 4.31210885 8.6242177 43903610 43911883 ENSFCAG00000040375 RBBP9
A3 43452773 44114661 2 2 200 7.291065 7.78824 14.58213 4.31210885 4.31210885 8.6242177 43975799 44199300 ENSFCAG00000013835 NA
B1 201254342 201364359 2 1 150 8.288725 8.28873 16.57745 4.601089803 4.601089803 4.601089803 201131618 201389238 ENSFCAG00000011316 SLC2A9
B1 202214752 202568024 5 1 300 11.641926 13.1117 58.20963 4.053638587 4.053638587 4.053638587 202206083 202601312 ENSFCAG00000004074 STK32B
B2 3913621 4102491 3 4 200 6.874643333 6.87512 20.62393 4.968763031 5.675394748 19.87505212 3937892 3938203 ENSFCAG00000042515 NA
B2 3913621 4102491 3 4 200 6.874643333 6.87512 20.62393 4.968763031 5.675394748 19.87505212 3946427 3946804 ENSFCAG00000046684 NA
B2 3913621 4102491 3 4 200 6.874643333 6.87512 20.62393 4.968763031 5.675394748 19.87505212 3947204 3947596 ENSFCAG00000044530 NA
B2 3913621 4102491 3 4 200 6.874643333 6.87512 20.62393 4.968763031 5.675394748 19.87505212 3948613 3949023 ENSFCAG00000041602 NA
B2 3913621 4102491 3 4 200 6.874643333 6.87512 20.62393 4.968763031 5.675394748 19.87505212 3957634 3958044 ENSFCAG00000041936 NA
B2 3913621 4102491 3 4 200 6.874643333 6.87512 20.62393 4.968763031 5.675394748 19.87505212 3974458 3975126 ENSFCAG00000006768 HIST1H1D
B2 3913621 4102491 3 4 200 6.874643333 6.87512 20.62393 4.968763031 5.675394748 19.87505212 3984675 3985055 ENSFCAG00000042671 NA
B2 3913621 4102491 3 4 200 6.874643333 6.87512 20.62393 4.968763031 5.675394748 19.87505212 3992947 3993924 ENSFCAG00000039447 NA
B2 3913621 4102491 3 4 200 6.874643333 6.87512 20.62393 4.968763031 5.675394748 19.87505212 3995513 3995893 ENSFCAG00000043943 NA
B2 3913621 4102491 3 4 200 6.874643333 6.87512 20.62393 4.968763031 5.675394748 19.87505212 3999574 3999966 ENSFCAG00000041358 HIST1H2AD
B2 3913621 4102491 3 4 200 6.874643333 6.87512 20.62393 4.968763031 5.675394748 19.87505212 4001429 4001839 ENSFCAG00000044044 NA
B2 3913621 4102491 3 4 200 6.874643333 6.87512 20.62393 4.968763031 5.675394748 19.87505212 4008404 4008715 ENSFCAG00000046199 NA
B2 3913621 4102491 3 4 200 6.874643333 6.87512 20.62393 4.968763031 5.675394748 19.87505212 4085683 4086318 ENSFCAG00000005970 HIST1H1T
B2 3913621 4102491 3 4 200 6.874643333 6.87512 20.62393 4.968763031 5.675394748 19.87505212 3956200 4102261 ENSFCAG00000005968 HFE
B2 3913621 4102491 3 4 200 6.874643333 6.87512 20.62393 4.968763031 5.675394748 19.87505212 4063199 4063579 ENSFCAG00000045523 NA
B3 117284711 117614575 3 1 200 8.984333333 10.3651 26.953 5.272565409 5.272565409 5.272565409 117416056 117419443 ENSFCAG00000041216 NA
B3 117284711 117614575 3 1 200 8.984333333 10.3651 26.953 5.272565409 5.272565409 5.272565409 117507516 117509618 ENSFCAG00000046679 CCDC177
B3 117284711 117614575 3 1 200 8.984333333 10.3651 26.953 5.272565409 5.272565409 5.272565409 117370181 117388136 ENSFCAG00000008873 ERH
B3 117284711 117614575 3 1 200 8.984333333 10.3651 26.953 5.272565409 5.272565409 5.272565409 117388363 117440340 ENSFCAG00000028911 SLC39A9
B3 117284711 117614575 3 1 200 8.984333333 10.3651 26.953 5.272565409 5.272565409 5.272565409 117449057 117480138 ENSFCAG00000031368 PLEKHD1
B3 117284711 117614575 3 1 200 8.984333333 10.3651 26.953 5.272565409 5.272565409 5.272565409 117259002 117353380 ENSFCAG00000008871 GALNT16
B3 117284711 117614575 3 1 200 8.984333333 10.3651 26.953 5.272565409 5.272565409 5.272565409 117542928 117642491 ENSFCAG00000035594 SUSD6
B3 141290314 141522735 3 1 200 10.90066 12.0991 32.70198 4.296656274 4.296656274 4.296656274 141305014 141376695 ENSFCAG00000006781 ATG2B
B3 141290314 141522735 3 1 200 10.90066 12.0991 32.70198 4.296656274 4.296656274 4.296656274 141376756 141403517 ENSFCAG00000033108 GSKIP
B3 141290314 141522735 3 1 200 10.90066 12.0991 32.70198 4.296656274 4.296656274 4.296656274 141495066 141556825 ENSFCAG00000006784 PAPOLA
B3 141290314 141522735 3 1 200 10.90066 12.0991 32.70198 4.296656274 4.296656274 4.296656274 141407720 141479747 ENSFCAG00000006783 AK7
C1 5152620 5946447 7 1 450 9.510627143 10.9437 66.57439 4.005580697 4.005580697 4.005580697 5425469 5433053 ENSFCAG00000032205 UTS2
C1 5152620 5946447 7 1 450 9.510627143 10.9437 66.57439 4.005580697 4.005580697 4.005580697 5350329 5358081 ENSFCAG00000023236 VAMP3
C1 5152620 5946447 7 1 450 9.510627143 10.9437 66.57439 4.005580697 4.005580697 4.005580697 5478992 5489846 ENSFCAG00000041469 TNFRSF9
C1 5152620 5946447 7 1 450 9.510627143 10.9437 66.57439 4.005580697 4.005580697 4.005580697 5506856 5524434 ENSFCAG00000022968 PARK7
C1 5152620 5946447 7 1 450 9.510627143 10.9437 66.57439 4.005580697 4.005580697 4.005580697 5549955 5563737 ENSFCAG00000004375 ERRFI1
C1 5152620 5946447 7 1 450 9.510627143 10.9437 66.57439 4.005580697 4.005580697 4.005580697 5365812 5422230 ENSFCAG00000004371 PER3
C1 5152620 5946447 7 1 450 9.510627143 10.9437 66.57439 4.005580697 4.005580697 4.005580697 5763092 5785299 ENSFCAG00000008123 SLC45A1
C1 5152620 5946447 7 1 450 9.510627143 10.9437 66.57439 4.005580697 4.005580697 4.005580697 5790074 6212086 ENSFCAG00000008124 RERE
C1 5152620 5946447 7 1 450 9.510627143 10.9437 66.57439 4.005580697 4.005580697 4.005580697 4915327 5345305 ENSFCAG00000025265 CAMTA1
C1 8048351 8417620 4 2 250 10.27602 10.9457 41.10408 4.003086114 4.003086114 8.006172229 8103307 8109723 ENSFCAG00000000055 ANGPTL7
C1 8048351 8417620 4 2 250 10.27602 10.9457 41.10408 4.003086114 4.003086114 8.006172229 8179229 8201887 ENSFCAG00000038736 UBIAD1
C1 8048351 8417620 4 2 250 10.27602 10.9457 41.10408 4.003086114 4.003086114 8.006172229 8041553 8175764 ENSFCAG00000000053 MTOR
C1 8048351 8417620 4 2 250 10.27602 10.9457 41.10408 4.003086114 4.003086114 8.006172229 8377475 8410185 ENSFCAG00000000059 DISP3
C1 13740333 14334318 10 1 550 8.068566 10.3681 80.68566 4.35658407 4.35658407 4.35658407 14041700 14048729 ENSFCAG00000008771 MRTO4
C1 13740333 14334318 10 1 550 8.068566 10.3681 80.68566 4.35658407 4.35658407 4.35658407 14049275 14057142 ENSFCAG00000034234 AKR7A2
C1 13740333 14334318 10 1 550 8.068566 10.3681 80.68566 4.35658407 4.35658407 4.35658407 14058501 14065651 ENSFCAG00000008773 AKR7L
C1 13740333 14334318 10 1 550 8.068566 10.3681 80.68566 4.35658407 4.35658407 4.35658407 14063133 14081969 ENSFCAG00000008774 PQLC2
C1 13740333 14334318 10 1 550 8.068566 10.3681 80.68566 4.35658407 4.35658407 4.35658407 14311301 14346560 ENSFCAG00000003066 MICOS10
C1 13740333 14334318 10 1 550 8.068566 10.3681 80.68566 4.35658407 4.35658407 4.35658407 13728750 13778035 ENSFCAG00000044979 IFFO2
C1 13740333 14334318 10 1 550 8.068566 10.3681 80.68566 4.35658407 4.35658407 4.35658407 13875324 14006830 ENSFCAG00000008769 UBR4
C1 13740333 14334318 10 1 550 8.068566 10.3681 80.68566 4.35658407 4.35658407 4.35658407 14014105 14041600 ENSFCAG00000008770 EMC1
C1 13740333 14334318 10 1 550 8.068566 10.3681 80.68566 4.35658407 4.35658407 4.35658407 14087129 14222316 ENSFCAG00000008775 CAPZB
C1 29357787 29676970 3 2 200 9.67108 10.3674 29.01324 4.526569262 4.526569262 9.053138523 29443825 29452254 ENSFCAG00000007237 FHL3
C1 29357787 29676970 3 2 200 9.67108 10.3674 29.01324 4.526569262 4.526569262 9.053138523 29487939 29489297 ENSFCAG00000046375 POU3F1
C1 29357787 29676970 3 2 200 9.67108 10.3674 29.01324 4.526569262 4.526569262 9.053138523 29413776 29438805 ENSFCAG00000027772 SF3A3
C1 29357787 29676970 3 2 200 9.67108 10.3674 29.01324 4.526569262 4.526569262 9.053138523 29456302 29471390 ENSFCAG00000011023 UTP11
C1 29357787 29676970 3 2 200 9.67108 10.3674 29.01324 4.526569262 4.526569262 9.053138523 29358640 29405073 ENSFCAG00000011021 INPP5B
C1 44759234 45015878 3 5 200 8.919096667 10.6982 26.75729 4.912945349 5.421432843 24.56472675 44797502 44807914 ENSFCAG00000012971 TMEM61
C1 44759234 45015878 3 5 200 8.919096667 10.6982 26.75729 4.912945349 5.421432843 24.56472675 44814185 44827090 ENSFCAG00000008815 BSND
C1 44759234 45015878 3 5 200 8.919096667 10.6982 26.75729 4.912945349 5.421432843 24.56472675 44839846 44983687 ENSFCAG00000008817 USP24
C1 94068011 94386652 2 1 150 8.28617 8.28617 16.57234 4.349345271 4.349345271 4.349345271 94121972 94141129 ENSFCAG00000010770 CSF1
C1 94068011 94386652 2 1 150 8.28617 8.28617 16.57234 4.349345271 4.349345271 4.349345271 94189601 94228455 ENSFCAG00000005149 AHCYL1
C1 94068011 94386652 2 1 150 8.28617 8.28617 16.57234 4.349345271 4.349345271 4.349345271 94264559 94274941 ENSFCAG00000030151 ALX3
C1 94068011 94386652 2 1 150 8.28617 8.28617 16.57234 4.349345271 4.349345271 4.349345271 94240741 94278850 ENSFCAG00000005155 STRIP1
C1 94068011 94386652 2 1 150 8.28617 8.28617 16.57234 4.349345271 4.349345271 4.349345271 94275056 94403657 ENSFCAG00000005162 SLC6A17
C1 119043976 119233001 1 1 100 7.52412 7.52412 7.52412 5.257299784 5.257299784 5.257299784 119089048 119098422 ENSFCAG00000027149 NA
C1 119043976 119233001 1 1 100 7.52412 7.52412 7.52412 5.257299784 5.257299784 5.257299784 119098147 119120420 ENSFCAG00000010787 NIFK
C1 119043976 119233001 1 1 100 7.52412 7.52412 7.52412 5.257299784 5.257299784 5.257299784 119221807 119458142 ENSFCAG00000012144 CLASP1
C2 1753407 2076830 1 1 100 7.33271 7.33271 7.33271 4.578783566 4.578783566 4.578783566 1931045 1932082 ENSFCAG00000035693 NA
C2 1753407 2076830 1 1 100 7.33271 7.33271 7.33271 4.578783566 4.578783566 4.578783566 1969211 1970247 ENSFCAG00000037983 NA
C2 1753407 2076830 1 1 100 7.33271 7.33271 7.33271 4.578783566 4.578783566 4.578783566 1750636 1790124 ENSFCAG00000002284 ITGB2
C2 1753407 2076830 1 1 100 7.33271 7.33271 7.33271 4.578783566 4.578783566 4.578783566 1796507 1816622 ENSFCAG00000013390 PTTG1IP
C2 1753407 2076830 1 1 100 7.33271 7.33271 7.33271 4.578783566 4.578783566 4.578783566 1830555 1884856 ENSFCAG00000042355 UBE2G2
C2 1753407 2076830 1 1 100 7.33271 7.33271 7.33271 4.578783566 4.578783566 4.578783566 1925308 2087083 ENSFCAG00000001772 TSPEAR
C2 10931480 11015122 1 1 100 10.9463 10.9463 10.9463 4.862072075 4.862072075 4.862072075 11009600 11009989 ENSFCAG00000006759 KCNE1
C2 10931480 11015122 1 1 100 10.9463 10.9463 10.9463 4.862072075 4.862072075 4.862072075 10858094 10960004 ENSFCAG00000041249 RCAN1
D1 20362633 20724810 4 2 250 9.9920825 10.9473 39.96833 4.144155655 4.263454113 8.288311311 20479944 20484045 ENSFCAG00000041557 NA
D1 20362633 20724810 4 2 250 9.9920825 10.9473 39.96833 4.144155655 4.263454113 8.288311311 20651676 20687820 ENSFCAG00000000425 SCN3B
D1 20362633 20724810 4 2 250 9.9920825 10.9473 39.96833 4.144155655 4.263454113 8.288311311 20505134 20658398 ENSFCAG00000004317 GRAMD1B
D1 110193196 110484297 6 1 350 12.43193333 14.5146 74.5916 4.117473074 4.117473074 4.117473074 110202353 110208879 ENSFCAG00000038054 ARL2
D1 110193196 110484297 6 1 350 12.43193333 14.5146 74.5916 4.117473074 4.117473074 4.117473074 110222725 110225600 ENSFCAG00000023322 SAC3D1
D1 110193196 110484297 6 1 350 12.43193333 14.5146 74.5916 4.117473074 4.117473074 4.117473074 110249175 110255505 ENSFCAG00000028197 CDCA5
D1 110193196 110484297 6 1 350 12.43193333 14.5146 74.5916 4.117473074 4.117473074 4.117473074 110256100 110259662 ENSFCAG00000006251 ZFPL1
D1 110193196 110484297 6 1 350 12.43193333 14.5146 74.5916 4.117473074 4.117473074 4.117473074 110259900 110261903 ENSFCAG00000045639 TMEM262
D1 110193196 110484297 6 1 350 12.43193333 14.5146 74.5916 4.117473074 4.117473074 4.117473074 110287408 110292061 ENSFCAG00000006254 TM7SF2
D1 110193196 110484297 6 1 350 12.43193333 14.5146 74.5916 4.117473074 4.117473074 4.117473074 110292268 110293464 ENSFCAG00000041142 ZNHIT2
D1 110193196 110484297 6 1 350 12.43193333 14.5146 74.5916 4.117473074 4.117473074 4.117473074 110297131 110307131 ENSFCAG00000030009 SYVN1
D1 110193196 110484297 6 1 350 12.43193333 14.5146 74.5916 4.117473074 4.117473074 4.117473074 110297295 110300857 ENSFCAG00000006256 MRPL49
D1 110193196 110484297 6 1 350 12.43193333 14.5146 74.5916 4.117473074 4.117473074 4.117473074 110212151 110223128 ENSFCAG00000006249 SNX15
D1 110193196 110484297 6 1 350 12.43193333 14.5146 74.5916 4.117473074 4.117473074 4.117473074 110267076 110287247 ENSFCAG00000006253 VPS51
D1 110193196 110484297 6 1 350 12.43193333 14.5146 74.5916 4.117473074 4.117473074 4.117473074 110295864 110297240 ENSFCAG00000001442 NA
D1 110193196 110484297 6 1 350 12.43193333 14.5146 74.5916 4.117473074 4.117473074 4.117473074 110345122 110348466 ENSFCAG00000029565 SPDYC
D1 110193196 110484297 6 1 350 12.43193333 14.5146 74.5916 4.117473074 4.117473074 4.117473074 110385606 110407137 ENSFCAG00000001439 NA
D1 110193196 110484297 6 1 350 12.43193333 14.5146 74.5916 4.117473074 4.117473074 4.117473074 110449482 110476231 ENSFCAG00000001440 NA
D1 110193196 110484297 6 1 350 12.43193333 14.5146 74.5916 4.117473074 4.117473074 4.117473074 110226293 110236866 ENSFCAG00000006250 NAALADL1
D1 110193196 110484297 6 1 350 12.43193333 14.5146 74.5916 4.117473074 4.117473074 4.117473074 110356426 110388364 ENSFCAG00000001438 CAPN1
D2 34611833 34996472 5 3 300 7.54376 9.57707 37.7188 4.195716502 4.372197942 12.5871495 34983093 34985883 ENSFCAG00000029132 DDIT4
D2 34611833 34996472 5 3 300 7.54376 9.57707 37.7188 4.195716502 4.372197942 12.5871495 34606865 34622449 ENSFCAG00000013049 NA
D2 34611833 34996472 5 3 300 7.54376 9.57707 37.7188 4.195716502 4.372197942 12.5871495 34623471 34657955 ENSFCAG00000013052 PSAP
D2 34611833 34996472 5 3 300 7.54376 9.57707 37.7188 4.195716502 4.372197942 12.5871495 34803469 34825961 ENSFCAG00000013054 SPOCK2
D2 34611833 34996472 5 3 300 7.54376 9.57707 37.7188 4.195716502 4.372197942 12.5871495 34944071 34956048 ENSFCAG00000010368 ANAPC16
D2 34611833 34996472 5 3 300 7.54376 9.57707 37.7188 4.195716502 4.372197942 12.5871495 34717046 34750534 ENSFCAG00000013053 CHST3
D2 34611833 34996472 5 3 300 7.54376 9.57707 37.7188 4.195716502 4.372197942 12.5871495 34832982 34944367 ENSFCAG00000026720 ASCC1
D3 68959531 69710322 11 2 650 15.45395727 24.5186 169.99353 4.630191138 4.786410905 9.260382275 69372876 69411618 ENSFCAG00000002788 HDHD2
D3 68959531 69710322 11 2 650 15.45395727 24.5186 169.99353 4.630191138 4.786410905 9.260382275 69416925 69433383 ENSFCAG00000032516 NA
D3 68959531 69710322 11 2 650 15.45395727 24.5186 169.99353 4.630191138 4.786410905 9.260382275 68875322 69041886 ENSFCAG00000002785 LOXHD1
D3 68959531 69710322 11 2 650 15.45395727 24.5186 169.99353 4.630191138 4.786410905 9.260382275 69059564 69113697 ENSFCAG00000002786 ST8SIA5
D3 68959531 69710322 11 2 650 15.45395727 24.5186 169.99353 4.630191138 4.786410905 9.260382275 69298498 69366710 ENSFCAG00000018778 KATNAL2
D3 68959531 69710322 11 2 650 15.45395727 24.5186 169.99353 4.630191138 4.786410905 9.260382275 69451939 69494787 ENSFCAG00000045761 SKOR2
D3 68959531 69710322 11 2 650 15.45395727 24.5186 169.99353 4.630191138 4.786410905 9.260382275 69170890 69248864 ENSFCAG00000002787 PIAS2
E2 19514868 19609824 1 1 100 8.29394 8.29394 8.29394 4.084754034 4.084754034 4.084754034 19452775 19522346 ENSFCAG00000031868 CHST8
E3 3324984 3520211 2 1 150 9.30784 10.3437 18.61568 4.046171712 4.046171712 4.046171712 3417710 3658630 ENSFCAG00000012315 NA
E3 14698256 14771704 1 1 100 7.61986 7.61986 7.61986 4.394375162 4.394375162 4.394375162 14743694 15254731 ENSFCAG00000008708 NA
F1 6148357 6220990 2 2 150 6.80549 6.80605 13.61098 4.4750304 4.551433835 8.9500608 5652161 6340172 ENSFCAG00000038120 SMYD3
F1 68630443 68770411 3 1 250 10.34826667 10.3489 31.0448 4.287692067 4.287692067 4.287692067 68707797 68718310 ENSFCAG00000004360 FCRL1
F1 68630443 68770411 3 1 250 10.34826667 10.3489 31.0448 4.287692067 4.287692067 4.287692067 68726383 68741931 ENSFCAG00000010047 FCRL2
F1 68630443 68770411 3 1 250 10.34826667 10.3489 31.0448 4.287692067 4.287692067 4.287692067 68755027 68771158 ENSFCAG00000010046 FCRL3
F1 68630443 68770411 3 1 250 10.34826667 10.3489 31.0448 4.287692067 4.287692067 4.287692067 68680405 68696818 ENSFCAG00000010048 NA
F2 84958102 85588801 3 1 200 7.317416667 7.7768 21.95225 4.882359495 4.882359495 4.882359495 84977184 84978792 ENSFCAG00000026876 GRINA
F2 84958102 85588801 3 1 200 7.317416667 7.7768 21.95225 4.882359495 4.882359495 4.882359495 85050871 85053268 ENSFCAG00000034465 EXOSC4
F2 84958102 85588801 3 1 200 7.317416667 7.7768 21.95225 4.882359495 4.882359495 4.882359495 85054343 85057777 ENSFCAG00000021978 GPAA1
F2 84958102 85588801 3 1 200 7.317416667 7.7768 21.95225 4.882359495 4.882359495 4.882359495 85068535 85072799 ENSFCAG00000011548 SHARPIN
F2 84958102 85588801 3 1 200 7.317416667 7.7768 21.95225 4.882359495 4.882359495 4.882359495 85073166 85076507 ENSFCAG00000011549 MAF1
F2 84958102 85588801 3 1 200 7.317416667 7.7768 21.95225 4.882359495 4.882359495 4.882359495 85087923 85089699 ENSFCAG00000028500 HGH1
F2 84958102 85588801 3 1 200 7.317416667 7.7768 21.95225 4.882359495 4.882359495 4.882359495 85165520 85167537 ENSFCAG00000041246 SCX
F2 84958102 85588801 3 1 200 7.317416667 7.7768 21.95225 4.882359495 4.882359495 4.882359495 85245963 85247558 ENSFCAG00000043848 TMEM249
F2 84958102 85588801 3 1 200 7.317416667 7.7768 21.95225 4.882359495 4.882359495 4.882359495 85251907 85254247 ENSFCAG00000007727 NA
F2 84958102 85588801 3 1 200 7.317416667 7.7768 21.95225 4.882359495 4.882359495 4.882359495 85318664 85325623 ENSFCAG00000014374 SLC39A4
F2 84958102 85588801 3 1 200 7.317416667 7.7768 21.95225 4.882359495 4.882359495 4.882359495 85364051 85365650 ENSFCAG00000046267 NA
F2 84958102 85588801 3 1 200 7.317416667 7.7768 21.95225 4.882359495 4.882359495 4.882359495 85366415 85373096 ENSFCAG00000014384 KIFC2
F2 84958102 85588801 3 1 200 7.317416667 7.7768 21.95225 4.882359495 4.882359495 4.882359495 85373899 85375467 ENSFCAG00000023802 FOXH1
F2 84958102 85588801 3 1 200 7.317416667 7.7768 21.95225 4.882359495 4.882359495 4.882359495 85419035 85423693 ENSFCAG00000029751 GPT
F2 84958102 85588801 3 1 200 7.317416667 7.7768 21.95225 4.882359495 4.882359495 4.882359495 85434465 85438330 ENSFCAG00000014393 LRRC14
F2 84958102 85588801 3 1 200 7.317416667 7.7768 21.95225 4.882359495 4.882359495 4.882359495 85438835 85441386 ENSFCAG00000044531 LRRC24
F2 84958102 85588801 3 1 200 7.317416667 7.7768 21.95225 4.882359495 4.882359495 4.882359495 85443934 85445699 ENSFCAG00000033285 C8orf82
F2 84958102 85588801 3 1 200 7.317416667 7.7768 21.95225 4.882359495 4.882359495 4.882359495 85576183 85576857 ENSFCAG00000043381 COMMD5
F2 84958102 85588801 3 1 200 7.317416667 7.7768 21.95225 4.882359495 4.882359495 4.882359495 85023095 85036838 ENSFCAG00000011543 OPLAH
F2 84958102 85588801 3 1 200 7.317416667 7.7768 21.95225 4.882359495 4.882359495 4.882359495 85076631 85085727 ENSFCAG00000011550 WDR97
F2 84958102 85588801 3 1 200 7.317416667 7.7768 21.95225 4.882359495 4.882359495 4.882359495 85097491 85161148 ENSFCAG00000007721 MROH1
F2 84958102 85588801 3 1 200 7.317416667 7.7768 21.95225 4.882359495 4.882359495 4.882359495 85161357 85186299 ENSFCAG00000022942 BOP1
F2 84958102 85588801 3 1 200 7.317416667 7.7768 21.95225 4.882359495 4.882359495 4.882359495 85210643 85221817 ENSFCAG00000007725 DGAT1
F2 84958102 85588801 3 1 200 7.317416667 7.7768 21.95225 4.882359495 4.882359495 4.882359495 85228033 85231626 ENSFCAG00000043106 SCRT1
F2 84958102 85588801 3 1 200 7.317416667 7.7768 21.95225 4.882359495 4.882359495 4.882359495 85278537 85295957 ENSFCAG00000007728 ADCK5
F2 84958102 85588801 3 1 200 7.317416667 7.7768 21.95225 4.882359495 4.882359495 4.882359495 85333411 85346526 ENSFCAG00000014379 TONSL
F2 84958102 85588801 3 1 200 7.317416667 7.7768 21.95225 4.882359495 4.882359495 4.882359495 85350360 85362847 ENSFCAG00000046222 CYHR1
F2 84958102 85588801 3 1 200 7.317416667 7.7768 21.95225 4.882359495 4.882359495 4.882359495 85379153 85418679 ENSFCAG00000014387 PPP1R16A
F2 84958102 85588801 3 1 200 7.317416667 7.7768 21.95225 4.882359495 4.882359495 4.882359495 85425149 85427586 ENSFCAG00000014389 MFSD3
F2 84958102 85588801 3 1 200 7.317416667 7.7768 21.95225 4.882359495 4.882359495 4.882359495 85065047 85067503 ENSFCAG00000011545 CYC1
F2 84958102 85588801 3 1 200 7.317416667 7.7768 21.95225 4.882359495 4.882359495 4.882359495 85186699 85210223 ENSFCAG00000007722 HSF1
F2 84958102 85588801 3 1 200 7.317416667 7.7768 21.95225 4.882359495 4.882359495 4.882359495 85326500 85333138 ENSFCAG00000014377 VPS28
F2 84958102 85588801 3 1 200 7.317416667 7.7768 21.95225 4.882359495 4.882359495 4.882359495 85446334 85554765 ENSFCAG00000014395 ARHGAP39
F2 84958102 85588801 3 1 200 7.317416667 7.7768 21.95225 4.882359495 4.882359495 4.882359495 85582872 85597749 ENSFCAG00000012559 ZNF7
F2 84958102 85588801 3 1 200 7.317416667 7.7768 21.95225 4.882359495 4.882359495 4.882359495 84910298 84965023 ENSFCAG00000042897 PLEC
