chr start end windows snps snps_density lassi_mean lassi_max lassi_sum ihs_mean ihs_max ihs_sum gene_start gene_end ensembl_id gene_name
A1 38972 241332 13 9 700 12.72813077 15.7508 165.4657 5.174641324 5.747748389 46.57177192 156206 160647 ENSFCAG00000040480 CCDC115
A1 38972 241332 13 9 700 12.72813077 15.7508 165.4657 5.174641324 5.747748389 46.57177192 183851 190989 ENSFCAG00000044052 NA
A1 38972 241332 13 9 700 12.72813077 15.7508 165.4657 5.174641324 5.747748389 46.57177192 88839 102219 ENSFCAG00000011704 PGLYRP4
A1 38972 241332 13 9 700 12.72813077 15.7508 165.4657 5.174641324 5.747748389 46.57177192 160505 165615 ENSFCAG00000031008 IMP4
A1 23677181 24236737 42 7 2150 23.91662857 38.4289 1004.4984 4.336940765 4.550461693 30.35858536 24126260 24126895 ENSFCAG00000026862 NA
A1 25049756 25243388 18 10 950 29.92655 48.2313 538.6779 4.256831862 4.781089556 42.56831862 25215959 25286899 ENSFCAG00000018417 SIAH3
A1 25049756 25243388 18 10 950 29.92655 48.2313 538.6779 4.256831862 4.781089556 42.56831862 25000930 25100066 ENSFCAG00000004877 ZC3H13
A1 53414498 53592120 7 1 400 27.03294286 41.0371 189.2306 4.664317825 4.664317825 4.664317825 53385334 53468840 ENSFCAG00000000561 RBM26
A1 53414498 53592120 7 1 400 27.03294286 41.0371 189.2306 4.664317825 4.664317825 4.664317825 53534111 53602068 ENSFCAG00000025797 NDFIP2
A1 72119366 72358744 17 2 900 30.2519 38.4467 514.2823 4.16842442 4.329743468 8.336848839 72241242 72546565 ENSFCAG00000005326 NALCN
A1 81977255 82229159 34 1 1850 14.30210882 23.4502 486.2717 4.830357414 4.830357414 4.830357414 81974353 82096466 ENSFCAG00000014241 ATP11A
A1 81977255 82229159 34 1 1850 14.30210882 23.4502 486.2717 4.830357414 4.830357414 4.830357414 82137040 82234328 ENSFCAG00000014242 MCF2L
A1 84953233 85195062 10 6 550 15.91042 19.3249 159.1042 4.8787081 6.311938132 29.2722486 85029833 85030816 ENSFCAG00000029529 NA
A1 84953233 85195062 10 6 550 15.91042 19.3249 159.1042 4.8787081 6.311938132 29.2722486 85085041 85086018 ENSFCAG00000004483 NA
A1 84953233 85195062 10 6 550 15.91042 19.3249 159.1042 4.8787081 6.311938132 29.2722486 85183414 85184391 ENSFCAG00000026256 NA
A1 85908984 86303060 9 14 500 21.15993333 29.4571 190.4394 4.786603508 7.404389379 67.01244911 85939686 85939820 ENSFCAG00000041974 NA
A1 85908984 86303060 9 14 500 21.15993333 29.4571 190.4394 4.786603508 7.404389379 67.01244911 86172696 86173628 ENSFCAG00000033384 NA
A1 88168384 88507302 7 2 400 18.3793 22.6007 128.6551 4.195621382 4.195621382 8.391242765 88252093 88253364 ENSFCAG00000007130 GJC2
A1 88168384 88507302 7 2 400 18.3793 22.6007 128.6551 4.195621382 4.195621382 8.391242765 88261876 88268983 ENSFCAG00000025872 GUK1
A1 88168384 88507302 7 2 400 18.3793 22.6007 128.6551 4.195621382 4.195621382 8.391242765 88269095 88272898 ENSFCAG00000015199 MRPL55
A1 88168384 88507302 7 2 400 18.3793 22.6007 128.6551 4.195621382 4.195621382 8.391242765 88274913 88276635 ENSFCAG00000022579 C1orf35
A1 88168384 88507302 7 2 400 18.3793 22.6007 128.6551 4.195621382 4.195621382 8.391242765 88235567 88244596 ENSFCAG00000000672 IBA57
A1 88168384 88507302 7 2 400 18.3793 22.6007 128.6551 4.195621382 4.195621382 8.391242765 88277870 88293491 ENSFCAG00000029374 ARF1
A1 88168384 88507302 7 2 400 18.3793 22.6007 128.6551 4.195621382 4.195621382 8.391242765 88379776 88403634 ENSFCAG00000046271 WNT9A
A1 88168384 88507302 7 2 400 18.3793 22.6007 128.6551 4.195621382 4.195621382 8.391242765 88487122 88499656 ENSFCAG00000002338 PRSS38
A1 88168384 88507302 7 2 400 18.3793 22.6007 128.6551 4.195621382 4.195621382 8.391242765 88309953 88353376 ENSFCAG00000036791 WNT3A
A1 88603248 88700046 3 1 200 11.992 13.2617 35.976 5.272219837 5.272219837 5.272219837 88601424 88606116 ENSFCAG00000015612 JMJD4
A1 93438034 93872762 20 6 1150 14.347485 18.2634 286.9497 4.904143187 5.238128341 29.42485912 93474707 93476101 ENSFCAG00000022842 ZFP2
A1 93438034 93872762 20 6 1150 14.347485 18.2634 286.9497 4.904143187 5.238128341 29.42485912 93539325 93540257 ENSFCAG00000022525 NA
A1 93438034 93872762 20 6 1150 14.347485 18.2634 286.9497 4.904143187 5.238128341 29.42485912 93572436 93575248 ENSFCAG00000044834 PROP1
A1 93438034 93872762 20 6 1150 14.347485 18.2634 286.9497 4.904143187 5.238128341 29.42485912 93758578 93759519 ENSFCAG00000028668 NA
A1 93438034 93872762 20 6 1150 14.347485 18.2634 286.9497 4.904143187 5.238128341 29.42485912 93419445 93438889 ENSFCAG00000009682 GRM6
A1 93438034 93872762 20 6 1150 14.347485 18.2634 286.9497 4.904143187 5.238128341 29.42485912 93503457 93524884 ENSFCAG00000040729 ZNF354B
A1 93438034 93872762 20 6 1150 14.347485 18.2634 286.9497 4.904143187 5.238128341 29.42485912 93784889 93807007 ENSFCAG00000043514 NA
A1 93438034 93872762 20 6 1150 14.347485 18.2634 286.9497 4.904143187 5.238128341 29.42485912 93443945 93469809 ENSFCAG00000021971 ZNF454
A1 93438034 93872762 20 6 1150 14.347485 18.2634 286.9497 4.904143187 5.238128341 29.42485912 93836991 93857704 ENSFCAG00000030349 CLK4
A1 93438034 93872762 20 6 1150 14.347485 18.2634 286.9497 4.904143187 5.238128341 29.42485912 93871089 94232263 ENSFCAG00000045286 COL23A1
A1 107454383 107634514 15 1 800 12.60752667 16.0569 189.1129 5.099042039 5.099042039 5.099042039 107445802 107656653 ENSFCAG00000026174 CCDC192
A1 110634758 110894174 10 1 550 20.58831 29.9019 205.8831 4.309209527 4.309209527 4.309209527 110634928 110825005 ENSFCAG00000001479 NA
A1 110634758 110894174 10 1 550 20.58831 29.9019 205.8831 4.309209527 4.309209527 4.309209527 110830760 110977674 ENSFCAG00000026363 FNIP1
A1 126926084 127515485 28 1 1450 18.738575 36.353 524.6801 6.923676856 6.923676856 6.923676856 127318431 127395010 ENSFCAG00000014104 MAP3K1
A1 126926084 127515485 28 1 1450 18.738575 36.353 524.6801 6.923676856 6.923676856 6.923676856 127420192 127438395 ENSFCAG00000014874 SETD9
A1 126926084 127515485 28 1 1450 18.738575 36.353 524.6801 6.923676856 6.923676856 6.923676856 127432634 127485797 ENSFCAG00000024666 MIER3
A1 127623448 127979444 21 7 1100 44.68964286 75.1964 938.4825 4.213871044 4.47478896 29.49709731 127880003 127881133 ENSFCAG00000003001 ACTBL2
A1 127623448 127979444 21 7 1100 44.68964286 75.1964 938.4825 4.213871044 4.47478896 29.49709731 127625093 127701019 ENSFCAG00000025310 GPBP1
A1 149290285 149422585 9 2 500 14.73418889 17.4325 132.6077 4.031399427 4.058619911 8.062798854 149315923 149390261 ENSFCAG00000037432 HAPLN1
A1 149856157 150112266 13 1 700 28.39257692 39.73 369.1035 4.158432566 4.158432566 4.158432566 149582263 149992100 ENSFCAG00000002497 EDIL3
A1 170811069 171263809 22 1 1150 23.3192 38.0008 513.0224 4.076022619 4.076022619 4.076022619 171222825 171248633 ENSFCAG00000044687 NA
A1 170811069 171263809 22 1 1150 23.3192 38.0008 513.0224 4.076022619 4.076022619 4.076022619 170372726 170869196 ENSFCAG00000046291 FBXL17
A1 171411485 172063135 38 5 1950 19.3173 27.5342 734.0574 4.244189439 4.377273986 21.22094719 171723282 171771918 ENSFCAG00000013298 PJA2
A1 171411485 172063135 38 5 1950 19.3173 27.5342 734.0574 4.244189439 4.377273986 21.22094719 171331923 171609369 ENSFCAG00000013296 NA
A1 171411485 172063135 38 5 1950 19.3173 27.5342 734.0574 4.244189439 4.377273986 21.22094719 172026301 172193278 ENSFCAG00000009423 MAN2A1
A1 172883621 173126514 12 1 650 14.48661667 21.5481 173.8394 4.33018991 4.33018991 4.33018991 173082698 173086876 ENSFCAG00000012103 TSLP
A1 172883621 173126514 12 1 650 14.48661667 21.5481 173.8394 4.33018991 4.33018991 4.33018991 173099168 173139758 ENSFCAG00000022572 WDR36
A1 191676783 191918160 16 1 850 14.63320625 22.5931 234.1313 4.511990793 4.511990793 4.511990793 191302083 191690066 ENSFCAG00000008547 EBF1
A1 208558879 208699714 10 1 550 13.69517 16.745 136.9517 4.085845752 4.085845752 4.085845752 208597684 208598414 ENSFCAG00000039865 NA
A1 208558879 208699714 10 1 550 13.69517 16.745 136.9517 4.085845752 4.085845752 4.085845752 208392596 208560909 ENSFCAG00000031562 PLCXD3
A1 208558879 208699714 10 1 550 13.69517 16.745 136.9517 4.085845752 4.085845752 4.085845752 208645107 208705003 ENSFCAG00000014857 C6
A1 230729944 230894555 14 3 800 13.48142143 16.0089 188.7399 4.356769664 4.534404622 13.07030899 230774563 231005278 ENSFCAG00000015341 DNAH5
A1 232660639 232675004 1 2 100 10.6964 10.6964 10.6964 5.976913441 6.309590683 11.95382688 232488847 233429815 ENSFCAG00000002522 CTNND2
A1 233364515 233381843 1 1 100 11.1469 11.1469 11.1469 4.268231383 4.268231383 4.268231383 232488847 233429815 ENSFCAG00000002522 CTNND2
A2 21797834 21847345 2 1 150 10.5145 10.5727 21.029 4.5999072 4.5999072 4.5999072 21768677 21826890 ENSFCAG00000003903 DCP1A
A2 21797834 21847345 2 1 150 10.5145 10.5727 21.029 4.5999072 4.5999072 4.5999072 21813453 22241999 ENSFCAG00000005621 CACNA1D
A2 27598632 28003899 31 1 1650 18.59672258 27.3593 576.4984 4.193974024 4.193974024 4.193974024 27488358 28242600 ENSFCAG00000033312 FHIT
A2 28146411 28395033 13 2 700 15.81951538 18.7935 205.6537 4.391914115 4.685431591 8.78382823 28170829 28171739 ENSFCAG00000035288 NA
A2 28146411 28395033 13 2 700 15.81951538 18.7935 205.6537 4.391914115 4.685431591 8.78382823 27488358 28242600 ENSFCAG00000033312 FHIT
A2 48271340 48498295 13 1 700 21.15027692 28.3006 274.9536 4.049151005 4.049151005 4.049151005 48335026 49210889 ENSFCAG00000029003 GRM7
A2 57566570 57596359 1 12 100 11.691 11.691 11.691 4.330710302 4.769562588 51.96852362 57556219 57590548 ENSFCAG00000008222 RPN1
A2 77606153 77704198 4 4 300 12.072225 13.887 48.2889 4.235711815 4.275801391 16.94284726 77591224 77649539 ENSFCAG00000008357 STARD3NL
A2 94378153 94873843 35 1 1800 25.00258 36.1701 875.0903 4.233791283 4.233791283 4.233791283 94255848 94772461 ENSFCAG00000008141 ZNF804B
A2 97411256 97630729 8 1 450 14.21325 19.6345 113.706 4.38730131 4.38730131 4.38730131 97413166 97506427 ENSFCAG00000022205 ANKIB1
A2 97411256 97630729 8 1 450 14.21325 19.6345 113.706 4.38730131 4.38730131 4.38730131 97520806 97548077 ENSFCAG00000031366 NA
A2 97411256 97630729 8 1 450 14.21325 19.6345 113.706 4.38730131 4.38730131 4.38730131 97562015 97571106 ENSFCAG00000018515 GATAD1
A2 97411256 97630729 8 1 450 14.21325 19.6345 113.706 4.38730131 4.38730131 4.38730131 97584107 97631390 ENSFCAG00000014645 PEX1
A2 110101870 110199720 4 1 250 11.19815 12.8221 44.7926 4.192132821 4.192132821 4.192132821 110167523 110232912 ENSFCAG00000028542 MEOX2
A2 110101870 110199720 4 1 250 11.19815 12.8221 44.7926 4.192132821 4.192132821 4.192132821 109775770 110145629 ENSFCAG00000018846 AGMO
A2 131306062 131375107 4 1 250 10.849125 11.3068 43.3965 4.234471697 4.234471697 4.234471697 131300993 132145412 ENSFCAG00000033257 IMMP2L
A2 136353806 136807265 21 3 1100 26.16348095 43.3693 549.4331 4.37938851 4.601973934 13.13816553 136778436 136778636 ENSFCAG00000040300 NA
A2 136353806 136807265 21 3 1100 26.16348095 43.3693 549.4331 4.37938851 4.601973934 13.13816553 136488173 136497175 ENSFCAG00000023324 CAV2
A2 136353806 136807265 21 3 1100 26.16348095 43.3693 549.4331 4.37938851 4.601973934 13.13816553 136519383 136557497 ENSFCAG00000034785 CAV1
A2 136353806 136807265 21 3 1100 26.16348095 43.3693 549.4331 4.37938851 4.601973934 13.13816553 136687563 136746865 ENSFCAG00000009534 NA
A2 137008489 137235570 14 1 750 13.66362143 19.1833 191.2907 4.257126575 4.257126575 4.257126575 136928941 137177887 ENSFCAG00000013253 ST7
A2 137008489 137235570 14 1 750 13.66362143 19.1833 191.2907 4.257126575 4.257126575 4.257126575 137180271 137262567 ENSFCAG00000036421 WNT2
A2 140606263 140819100 17 9 900 13.90717059 25.3844 236.4219 4.400506089 4.605734881 39.6045548 140652114 140664712 ENSFCAG00000029148 WNT16
A2 140606263 140819100 17 9 900 13.90717059 25.3844 236.4219 4.400506089 4.605734881 39.6045548 140673119 140737322 ENSFCAG00000023087 FAM3C
A2 140606263 140819100 17 9 900 13.90717059 25.3844 236.4219 4.400506089 4.605734881 39.6045548 140358843 140630398 ENSFCAG00000023648 CPED1
A2 158388413 158601478 24 1 1250 16.08854583 20.8264 386.1251 4.18327239 4.18327239 4.18327239 158403623 158405319 ENSFCAG00000038741 NA
A2 158388413 158601478 24 1 1250 16.08854583 20.8264 386.1251 4.18327239 4.18327239 4.18327239 158522148 158525965 ENSFCAG00000011878 NA
A2 158388413 158601478 24 1 1250 16.08854583 20.8264 386.1251 4.18327239 4.18327239 4.18327239 158536787 158537209 ENSFCAG00000040707 NA
A2 158388413 158601478 24 1 1250 16.08854583 20.8264 386.1251 4.18327239 4.18327239 4.18327239 158545640 158546062 ENSFCAG00000046685 NA
A2 158388413 158601478 24 1 1250 16.08854583 20.8264 386.1251 4.18327239 4.18327239 4.18327239 158593901 158608158 ENSFCAG00000014929 EPHB6
A3 50619049 50834362 22 32 1150 24.19876364 26.9788 532.3728 4.269054914 5.121107318 136.6097572 50642831 50659257 ENSFCAG00000036408 NANP
A3 64983071 65138065 8 1 450 14.3352125 18.2714 114.6817 4.967426306 4.967426306 4.967426306 65022643 65075305 ENSFCAG00000018873 FER1L5
A3 64983071 65138065 8 1 450 14.3352125 18.2714 114.6817 4.967426306 4.967426306 4.967426306 65082645 65128138 ENSFCAG00000002703 KANSL3
A3 64983071 65138065 8 1 450 14.3352125 18.2714 114.6817 4.967426306 4.967426306 4.967426306 65134036 65148891 ENSFCAG00000000276 HAAO
A3 64983071 65138065 8 1 450 14.3352125 18.2714 114.6817 4.967426306 4.967426306 4.967426306 64992349 65022394 ENSFCAG00000008721 LMAN2L
A3 67628289 67956759 21 1 1100 18.51322857 29.4482 388.7778 4.690446743 4.690446743 4.690446743 67572155 67777214 ENSFCAG00000005101 SRBD1
A3 67628289 67956759 21 1 1100 18.51322857 29.4482 388.7778 4.690446743 4.690446743 4.690446743 67817007 68320339 ENSFCAG00000005102 PRKCE
A3 105796318 106021047 18 1 950 17.38263333 26.9481 312.8874 4.084966082 4.084966082 4.084966082 105688024 105802253 ENSFCAG00000008085 MERTK
A3 105796318 106021047 18 1 950 17.38263333 26.9481 312.8874 4.084966082 4.084966082 4.084966082 105825988 105920267 ENSFCAG00000027305 ANAPC1
A3 106140344 106838698 74 1 3750 20.58431216 34.0714 1523.2391 4.065153266 4.065153266 4.065153266 106468624 106517701 ENSFCAG00000036350 BCL2L11
A3 106140344 106838698 74 1 3750 20.58431216 34.0714 1523.2391 4.065153266 4.065153266 4.065153266 106520975 106845381 ENSFCAG00000041937 ACOXL
A3 123781509 123981683 13 1 700 16.0584 20.4604 208.7592 4.410082746 4.410082746 4.410082746 123931647 123938177 ENSFCAG00000004306 PFN4
A3 123781509 123981683 13 1 700 16.0584 20.4604 208.7592 4.410082746 4.410082746 4.410082746 123948459 123954316 ENSFCAG00000004305 TP53I3
A3 123781509 123981683 13 1 700 16.0584 20.4604 208.7592 4.410082746 4.410082746 4.410082746 123890980 123906747 ENSFCAG00000037101 NA
A3 123781509 123981683 13 1 700 16.0584 20.4604 208.7592 4.410082746 4.410082746 4.410082746 123910772 123930523 ENSFCAG00000028526 NA
A3 123781509 123981683 13 1 700 16.0584 20.4604 208.7592 4.410082746 4.410082746 4.410082746 123954717 123964615 ENSFCAG00000031365 SF3B6
A3 123781509 123981683 13 1 700 16.0584 20.4604 208.7592 4.410082746 4.410082746 4.410082746 123966626 123980028 ENSFCAG00000040740 FKBP1B
A3 123781509 123981683 13 1 700 16.0584 20.4604 208.7592 4.410082746 4.410082746 4.410082746 123773721 123886363 ENSFCAG00000004308 ITSN2
B1 43243753 43255050 1 1 100 10.367 10.367 10.367 4.395443364 4.395443364 4.395443364 43083598 43300010 ENSFCAG00000012951 ANK1
B1 44720872 44772442 1 1 100 15.3865 15.3865 15.3865 4.865887689 4.865887689 4.865887689 44768717 44782301 ENSFCAG00000003636 IDO1
B1 44720872 44772442 1 1 100 15.3865 15.3865 15.3865 4.865887689 4.865887689 4.865887689 44675737 44752260 ENSFCAG00000036766 IDO2
B1 112275423 112434280 12 1 650 14.21683333 17.1798 170.602 4.47603765 4.47603765 4.47603765 112286657 112776039 ENSFCAG00000005384 ANK2
B1 124134506 124804040 39 2 2050 24.55795385 40.543 957.7602 4.119636103 4.158973735 8.239272206 124655997 124659854 ENSFCAG00000029577 NA
B1 124134506 124804040 39 2 2050 24.55795385 40.543 957.7602 4.119636103 4.158973735 8.239272206 124141070 124143321 ENSFCAG00000039458 H2AFZ
B1 124134506 124804040 39 2 2050 24.55795385 40.543 957.7602 4.119636103 4.158973735 8.239272206 124144626 124191149 ENSFCAG00000042454 DNAJB14
B1 124134506 124804040 39 2 2050 24.55795385 40.543 957.7602 4.119636103 4.158973735 8.239272206 124197090 124214790 ENSFCAG00000036024 NA
B1 124134506 124804040 39 2 2050 24.55795385 40.543 957.7602 4.119636103 4.158973735 8.239272206 124424546 124487289 ENSFCAG00000029668 MTTP
B1 124134506 124804040 39 2 2050 24.55795385 40.543 957.7602 4.119636103 4.158973735 8.239272206 124487610 124510090 ENSFCAG00000029521 TRMT10A
B1 124134506 124804040 39 2 2050 24.55795385 40.543 957.7602 4.119636103 4.158973735 8.239272206 124522976 124557758 ENSFCAG00000004690 C4orf17
B1 124134506 124804040 39 2 2050 24.55795385 40.543 957.7602 4.119636103 4.158973735 8.239272206 124654503 124677425 ENSFCAG00000030205 NA
B1 124134506 124804040 39 2 2050 24.55795385 40.543 957.7602 4.119636103 4.158973735 8.239272206 124731316 124744477 ENSFCAG00000023025 NA
B1 124134506 124804040 39 2 2050 24.55795385 40.543 957.7602 4.119636103 4.158973735 8.239272206 124795677 124814308 ENSFCAG00000005009 ADH4
B1 124134506 124804040 39 2 2050 24.55795385 40.543 957.7602 4.119636103 4.158973735 8.239272206 124222923 124276987 ENSFCAG00000023422 DAPP1
B1 124134506 124804040 39 2 2050 24.55795385 40.543 957.7602 4.119636103 4.158973735 8.239272206 124362223 124412583 ENSFCAG00000022924 C4orf54
B1 125058846 125304310 18 2 950 16.26001111 23.159 292.6802 4.547180725 4.949354904 9.094361449 125215617 125387007 ENSFCAG00000014131 TSPAN5
B1 125817416 126519076 38 2 1950 15.99953947 25.6213 607.9825 6.751349685 7.697733609 13.50269937 126197016 126201542 ENSFCAG00000035537 NA
B1 125817416 126519076 38 2 1950 15.99953947 25.6213 607.9825 6.751349685 7.697733609 13.50269937 125689377 126014391 ENSFCAG00000040357 STPG2
B1 127303014 127460184 11 3 650 12.00188182 14.4646 132.0207 4.040122539 4.050714798 12.12036762 127452467 127453886 ENSFCAG00000039719 NA
B1 129864343 129910358 2 4 150 11.5986 11.6589 23.1972 4.17796499 4.28455152 16.71185996 129624584 131078058 ENSFCAG00000023738 GRID2
B1 130158150 130410276 19 2 1050 17.76843684 24.9078 337.6003 4.292974908 4.380148989 8.585949817 129624584 131078058 ENSFCAG00000023738 GRID2
B1 130540964 130762186 14 2 750 12.85838571 18.3352 180.0174 4.249332753 4.338705832 8.498665506 129624584 131078058 ENSFCAG00000023738 GRID2
B1 143983976 144136268 10 1 550 10.76972 11.9433 107.6972 4.013685456 4.013685456 4.013685456 143748139 144173953 ENSFCAG00000011279 FRAS1
B1 149457310 149614285 10 1 550 14.2251 19.403 142.251 4.303972537 4.303972537 4.303972537 149453463 149555300 ENSFCAG00000027726 NPFFR2
B1 161720495 162166524 33 4 1700 42.67129091 70.406 1408.1526 4.236181248 4.4056013 16.94472499 161989061 162002401 ENSFCAG00000024100 NOA1
B1 161720495 162166524 33 4 1700 42.67129091 70.406 1408.1526 4.236181248 4.4056013 16.94472499 162122607 162134540 ENSFCAG00000036073 NA
B1 161720495 162166524 33 4 1700 42.67129091 70.406 1408.1526 4.236181248 4.4056013 16.94472499 161943245 161989101 ENSFCAG00000003905 POLR2B
B1 161720495 162166524 33 4 1700 42.67129091 70.406 1408.1526 4.236181248 4.4056013 16.94472499 162016133 162039675 ENSFCAG00000046155 REST
B1 161720495 162166524 33 4 1700 42.67129091 70.406 1408.1526 4.236181248 4.4056013 16.94472499 161873194 161946667 ENSFCAG00000025634 IGFBP7
B1 170687226 171328781 73 6 3750 14.44256027 21.4856 1054.3069 4.249285075 4.456153886 25.49571045 170589687 170845851 ENSFCAG00000030570 KCTD8
B2 21713125 22179644 36 5 1850 16.596425 29.5151 597.4713 4.094131143 4.166818278 20.47065571 21681426 21746108 ENSFCAG00000030069 RREB1
B2 29033933 31353193 6 21 350 13.21206667 14.7187 79.2724 4.981948099 5.435060815 104.6209101 29155014 29155148 ENSFCAG00000045054 NA
B2 29033933 31353193 6 21 350 13.21206667 14.7187 79.2724 4.981948099 5.435060815 104.6209101 31283261 31285970 ENSFCAG00000034409 RPP21
B2 29033933 31353193 6 21 350 13.21206667 14.7187 79.2724 4.981948099 5.435060815 104.6209101 31329791 31332136 ENSFCAG00000034726 NA
B2 29033933 31353193 6 21 350 13.21206667 14.7187 79.2724 4.981948099 5.435060815 104.6209101 28989941 29062273 ENSFCAG00000037118 DUSP22
B2 29033933 31353193 6 21 350 13.21206667 14.7187 79.2724 4.981948099 5.435060815 104.6209101 31270082 31283147 ENSFCAG00000002034 TRIM39
B2 45861051 46285437 30 1 1600 17.43915 27.5577 523.1745 4.334233984 4.334233984 4.334233984 45502272 46032361 ENSFCAG00000009577 SUPT3H
B2 45861051 46285437 30 1 1600 17.43915 27.5577 523.1745 4.334233984 4.334233984 4.334233984 45989343 46319521 ENSFCAG00000041932 RUNX2
B2 54848026 55072116 21 3 1100 20.38488095 24.3873 428.0825 4.267202609 4.389552706 12.80160783 55017476 55111858 ENSFCAG00000013437 FAM83B
B2 77529728 77784718 13 2 700 17.52354615 26.5532 227.8061 4.508163748 4.898587915 9.016327496 77583002 77584900 ENSFCAG00000033230 RWDD2A
B2 77529728 77784718 13 2 700 17.52354615 26.5532 227.8061 4.508163748 4.898587915 9.016327496 77558827 77580195 ENSFCAG00000005721 PGM3
B2 77529728 77784718 13 2 700 17.52354615 26.5532 227.8061 4.508163748 4.898587915 9.016327496 77443258 77558083 ENSFCAG00000005718 DOP1A
B2 77529728 77784718 13 2 700 17.52354615 26.5532 227.8061 4.508163748 4.898587915 9.016327496 77593749 77784266 ENSFCAG00000031619 ME1
B2 88311754 88874312 30 1 1600 19.51983667 28.1663 585.5951 4.016947363 4.016947363 4.016947363 88477324 88478862 ENSFCAG00000030894 NA
B2 88311754 88874312 30 1 1600 19.51983667 28.1663 585.5951 4.016947363 4.016947363 4.016947363 88629374 88696824 ENSFCAG00000036280 MANEA
B2 89004680 89412491 25 8 1300 18.124108 27.195 453.1027 4.350311709 4.704777053 34.80249367 89186756 89283940 ENSFCAG00000003297 FUT9
B2 89435181 89769304 17 7 1050 14.43074118 19.8042 245.3226 4.298472088 4.575762946 30.08930462 89762215 89763474 ENSFCAG00000028092 GPR63
B2 89435181 89769304 17 7 1050 14.43074118 19.8042 245.3226 4.298472088 4.575762946 30.08930462 89537592 89572715 ENSFCAG00000007808 UFL1
B2 89435181 89769304 17 7 1050 14.43074118 19.8042 245.3226 4.298472088 4.575762946 30.08930462 89576734 89627948 ENSFCAG00000024633 FHL5
B2 89832429 90315232 30 19 1550 15.92769667 23.2268 477.8309 4.364990628 5.028951006 82.93482193 89867412 89875137 ENSFCAG00000043301 NDUFAF4
B2 89832429 90315232 30 19 1550 15.92769667 23.2268 477.8309 4.364990628 5.028951006 82.93482193 89901425 90003592 ENSFCAG00000045439 NA
B2 89832429 90315232 30 19 1550 15.92769667 23.2268 477.8309 4.364990628 5.028951006 82.93482193 90025764 90142261 ENSFCAG00000044028 NA
B2 89832429 90315232 30 19 1550 15.92769667 23.2268 477.8309 4.364990628 5.028951006 82.93482193 90145901 90276490 ENSFCAG00000043637 MMS22L
B2 90347664 90598704 7 1 500 13.03025714 16.9711 91.2118 4.756006064 4.756006064 4.756006064 90445106 90447933 ENSFCAG00000035980 NA
B3 23734052 24778225 15 2 800 26.24194667 35.3301 393.6292 4.055896872 4.055896872 8.111793743 24062479 24066351 ENSFCAG00000034498 NA
B3 23734052 24778225 15 2 800 26.24194667 35.3301 393.6292 4.055896872 4.055896872 8.111793743 24041048 24060242 ENSFCAG00000022807 NA
B3 23734052 24778225 15 2 800 26.24194667 35.3301 393.6292 4.055896872 4.055896872 8.111793743 24054428 24068615 ENSFCAG00000022298 NA
B3 23734052 24778225 15 2 800 26.24194667 35.3301 393.6292 4.055896872 4.055896872 8.111793743 24421027 24492087 ENSFCAG00000027111 UBE3A
B3 26951589 28033957 38 3 2000 19.94163947 36.3463 757.7823 4.135788922 4.35252376 12.40736677 27718225 27718356 ENSFCAG00000045123 NA
B3 26951589 28033957 38 3 2000 19.94163947 36.3463 757.7823 4.135788922 4.35252376 12.40736677 26410509 27105232 ENSFCAG00000023805 GABRG3
B3 26951589 28033957 38 3 2000 19.94163947 36.3463 757.7823 4.135788922 4.35252376 12.40736677 27381201 27877048 ENSFCAG00000000153 OCA2
B3 26951589 28033957 38 3 2000 19.94163947 36.3463 757.7823 4.135788922 4.35252376 12.40736677 27887083 28167552 ENSFCAG00000000154 HERC2
B3 28603109 30834840 5 2 300 14.1742 14.6521 70.871 4.328157767 4.518882784 8.656315535 30805924 30836468 ENSFCAG00000013095 FBXO22
B3 28603109 30834840 5 2 300 14.1742 14.6521 70.871 4.328157767 4.518882784 8.656315535 30727789 30806153 ENSFCAG00000023643 UBE2Q2
B3 52029586 52073728 2 1 150 10.9542 11.4632 21.9084 4.147525767 4.147525767 4.147525767 51964772 52540191 ENSFCAG00000022273 UNC13C
B3 67061727 67376598 18 1 950 26.31247778 37.7302 473.6246 4.108433556 4.108433556 4.108433556 67140422 67157002 ENSFCAG00000014523 TMCO5A
B3 67061727 67376598 18 1 950 26.31247778 37.7302 473.6246 4.108433556 4.108433556 4.108433556 67172989 67176066 ENSFCAG00000029681 NA
B3 105049777 105229256 10 1 550 12.74986 15.4667 127.4986 4.061022413 4.061022413 4.061022413 105081823 105155674 ENSFCAG00000007834 KTN1
B3 114625922 114961971 9 4 550 14.75787778 21.8181 132.8209 5.683159463 5.683159463 22.73263785 114697435 114712601 ENSFCAG00000002208 CCDC196
B3 114625922 114961971 9 4 550 14.75787778 21.8181 132.8209 5.683159463 5.683159463 22.73263785 114732391 115361716 ENSFCAG00000013487 GPHN
B3 115893103 116143147 11 1 600 16.41774545 22.4513 180.5952 4.167944719 4.167944719 4.167944719 116004335 116005897 ENSFCAG00000033449 NA
B3 115893103 116143147 11 1 600 16.41774545 22.4513 180.5952 4.167944719 4.167944719 4.167944719 115891885 115958801 ENSFCAG00000007653 ZFYVE26
B3 115893103 116143147 11 1 600 16.41774545 22.4513 180.5952 4.167944719 4.167944719 4.167944719 115964231 116537685 ENSFCAG00000007657 RAD51B
B3 120455893 120852648 21 1 1150 14.86527619 18.5749 312.1708 4.324738076 4.324738076 4.324738076 120478108 120532391 ENSFCAG00000014703 ZFYVE1
B3 120455893 120852648 21 1 1150 14.86527619 18.5749 312.1708 4.324738076 4.324738076 4.324738076 120630502 120703551 ENSFCAG00000028093 PSEN1
B3 120455893 120852648 21 1 1150 14.86527619 18.5749 312.1708 4.324738076 4.324738076 4.324738076 120719537 120755799 ENSFCAG00000011718 PAPLN
B3 120455893 120852648 21 1 1150 14.86527619 18.5749 312.1708 4.324738076 4.324738076 4.324738076 120453638 120471766 ENSFCAG00000014698 NA
B3 120455893 120852648 21 1 1150 14.86527619 18.5749 312.1708 4.324738076 4.324738076 4.324738076 120755506 120963387 ENSFCAG00000026244 NA
B3 120455893 120852648 21 1 1150 14.86527619 18.5749 312.1708 4.324738076 4.324738076 4.324738076 120567321 120620053 ENSFCAG00000011716 RBM25
B3 128187688 128243813 2 1 150 11.3623 11.4333 22.7246 4.15202378 4.15202378 4.15202378 128157859 128211139 ENSFCAG00000009027 SEL1L
B3 141044869 141127453 9 2 550 10.51978889 11.3221 94.6781 4.148788869 4.285965401 8.297577739 141059325 141112207 ENSFCAG00000046658 C14orf132
B4 18852147 19045757 17 1 900 13.26451176 20.4768 225.4967 4.329806151 4.329806151 4.329806151 18726167 19174281 ENSFCAG00000010826 PLXDC2
B4 29157845 29397760 11 2 600 14.03583636 19.0326 154.3942 4.099537464 4.150916068 8.199074929 29301206 29351148 ENSFCAG00000024269 KIF5B
B4 29157845 29397760 11 2 600 14.03583636 19.0326 154.3942 4.099537464 4.150916068 8.199074929 29108274 29230487 ENSFCAG00000027689 ARHGAP12
B4 55718243 55927455 15 1 800 22.98784 25.3514 344.8176 4.800466414 4.800466414 4.800466414 55884165 55949263 ENSFCAG00000000972 PDE3A
B4 56527668 57145296 81 42 4150 25.41948272 41.0971 2058.9781 4.549162801 5.711173169 191.0648376 56780819 56781136 ENSFCAG00000039925 NA
B4 56527668 57145296 81 42 4150 25.41948272 41.0971 2058.9781 4.549162801 5.711173169 191.0648376 56563459 56604284 ENSFCAG00000045529 NA
B4 56527668 57145296 81 42 4150 25.41948272 41.0971 2058.9781 4.549162801 5.711173169 191.0648376 56737536 56739299 ENSFCAG00000035338 NA
B4 72959201 73093482 9 1 500 12.40064444 14.3239 111.6058 4.203184764 4.203184764 4.203184764 72845535 73024174 ENSFCAG00000010889 ADAMTS20
B4 94522557 94740893 16 1 850 18.57298125 24.9692 297.1677 4.089700981 4.089700981 4.089700981 94524587 94568664 ENSFCAG00000023558 CAND1
B4 119920706 120181226 14 4 750 13.85384286 19.4691 193.9538 4.477278421 4.662281189 17.90911368 119820865 120123357 ENSFCAG00000011027 CFAP54
B4 119920706 120181226 14 4 750 13.85384286 19.4691 193.9538 4.477278421 4.662281189 17.90911368 120164770 120210609 ENSFCAG00000031627 NEDD1
B4 122572084 122675185 4 2 250 11.644575 13.8219 46.5783 4.27364563 4.373018074 8.54729126 122652384 122691281 ENSFCAG00000010808 NA
C1 36243297 36479111 7 1 400 11.12027143 11.9152 77.8419 4.784624875 4.784624875 4.784624875 36295351 36296016 ENSFCAG00000025116 NA
C1 36243297 36479111 7 1 400 11.12027143 11.9152 77.8419 4.784624875 4.784624875 4.784624875 36319537 36320650 ENSFCAG00000032722 NA
C1 36243297 36479111 7 1 400 11.12027143 11.9152 77.8419 4.784624875 4.784624875 4.784624875 36398078 36403448 ENSFCAG00000030817 TMEM69
C1 36243297 36479111 7 1 400 11.12027143 11.9152 77.8419 4.784624875 4.784624875 4.784624875 36461289 36461606 ENSFCAG00000039462 NA
C1 36243297 36479111 7 1 400 11.12027143 11.9152 77.8419 4.784624875 4.784624875 4.784624875 36253564 36268454 ENSFCAG00000002857 AKR1A1
C1 36243297 36479111 7 1 400 11.12027143 11.9152 77.8419 4.784624875 4.784624875 4.784624875 36323076 36326758 ENSFCAG00000045451 NA
C1 36243297 36479111 7 1 400 11.12027143 11.9152 77.8419 4.784624875 4.784624875 4.784624875 36325869 36396712 ENSFCAG00000002864 GPBP1L1
C1 36243297 36479111 7 1 400 11.12027143 11.9152 77.8419 4.784624875 4.784624875 4.784624875 36279613 36322014 ENSFCAG00000002859 NASP
C1 36243297 36479111 7 1 400 11.12027143 11.9152 77.8419 4.784624875 4.784624875 4.784624875 36402704 36447991 ENSFCAG00000015234 IPP
C1 41357596 41749073 13 1 700 13.72243077 21.2482 178.3916 5.083582329 5.083582329 5.083582329 41357142 41399819 ENSFCAG00000035271 RNF11
C1 41357596 41749073 13 1 700 13.72243077 21.2482 178.3916 5.083582329 5.083582329 5.083582329 41403119 41459088 ENSFCAG00000014565 TTC39A
C1 41357596 41749073 13 1 700 13.72243077 21.2482 178.3916 5.083582329 5.083582329 5.083582329 41468988 41615745 ENSFCAG00000027650 EPS15
C1 41357596 41749073 13 1 700 13.72243077 21.2482 178.3916 5.083582329 5.083582329 5.083582329 41705998 41897849 ENSFCAG00000010298 OSBPL9
C1 44076930 44166500 6 1 350 10.96081667 12.3482 65.7649 4.405675204 4.405675204 4.405675204 44067724 44106863 ENSFCAG00000045952 TCEANC2
C1 44076930 44166500 6 1 350 10.96081667 12.3482 65.7649 4.405675204 4.405675204 4.405675204 44134578 44158656 ENSFCAG00000042059 CDCP2
C1 44076930 44166500 6 1 350 10.96081667 12.3482 65.7649 4.405675204 4.405675204 4.405675204 44166272 44185461 ENSFCAG00000033687 NA
C1 46804047 46844003 3 3 200 14.67383333 18.1623 44.0215 4.413005205 4.463863618 13.23901561 46817234 46818523 ENSFCAG00000032853 NA
C1 46804047 46844003 3 3 200 14.67383333 18.1623 44.0215 4.413005205 4.463863618 13.23901561 46591596 46995727 ENSFCAG00000003901 DAB1
C1 68856268 69048555 10 6 550 14.95781 17.6174 149.5781 4.501415614 5.139605789 27.00849369 68956743 69176967 ENSFCAG00000025759 ADGRL2
C1 106019867 106433824 15 3 800 21.72638 28.4064 325.8957 4.150708966 4.327124595 12.4521269 106039452 106044004 ENSFCAG00000035512 NA
C1 106019867 106433824 15 3 800 21.72638 28.4064 325.8957 4.150708966 4.327124595 12.4521269 106054443 106054610 ENSFCAG00000043025 CTXND2
C1 106019867 106433824 15 3 800 21.72638 28.4064 325.8957 4.150708966 4.327124595 12.4521269 106157305 106165389 ENSFCAG00000032352 BNIPL
C1 106019867 106433824 15 3 800 21.72638 28.4064 325.8957 4.150708966 4.327124595 12.4521269 106165672 106167576 ENSFCAG00000041587 C1orf56
C1 106019867 106433824 15 3 800 21.72638 28.4064 325.8957 4.150708966 4.327124595 12.4521269 106180991 106181263 ENSFCAG00000027874 MLLT11
C1 106019867 106433824 15 3 800 21.72638 28.4064 325.8957 4.150708966 4.327124595 12.4521269 106252928 106253482 ENSFCAG00000005558 TNFAIP8L2
C1 106019867 106433824 15 3 800 21.72638 28.4064 325.8957 4.150708966 4.327124595 12.4521269 106254002 106261521 ENSFCAG00000036601 LYSMD1
C1 106019867 106433824 15 3 800 21.72638 28.4064 325.8957 4.150708966 4.327124595 12.4521269 106261747 106264457 ENSFCAG00000005560 SCNM1
C1 106019867 106433824 15 3 800 21.72638 28.4064 325.8957 4.150708966 4.327124595 12.4521269 106266774 106281651 ENSFCAG00000005562 VPS72
C1 106019867 106433824 15 3 800 21.72638 28.4064 325.8957 4.150708966 4.327124595 12.4521269 106332194 106344857 ENSFCAG00000042092 PSMD4
C1 106019867 106433824 15 3 800 21.72638 28.4064 325.8957 4.150708966 4.327124595 12.4521269 106417812 106421589 ENSFCAG00000005568 RFX5
C1 106019867 106433824 15 3 800 21.72638 28.4064 325.8957 4.150708966 4.327124595 12.4521269 106432253 106440113 ENSFCAG00000001859 SELENBP1
C1 106019867 106433824 15 3 800 21.72638 28.4064 325.8957 4.150708966 4.327124595 12.4521269 105952104 106031021 ENSFCAG00000003644 ARNT
C1 106019867 106433824 15 3 800 21.72638 28.4064 325.8957 4.150708966 4.327124595 12.4521269 106068072 106101001 ENSFCAG00000009655 SETDB1
C1 106019867 106433824 15 3 800 21.72638 28.4064 325.8957 4.150708966 4.327124595 12.4521269 106100957 106111365 ENSFCAG00000009657 CERS2
C1 106019867 106433824 15 3 800 21.72638 28.4064 325.8957 4.150708966 4.327124595 12.4521269 106115777 106125372 ENSFCAG00000009658 ANXA9
C1 106019867 106433824 15 3 800 21.72638 28.4064 325.8957 4.150708966 4.327124595 12.4521269 106125981 106135836 ENSFCAG00000009660 MINDY1
C1 106019867 106433824 15 3 800 21.72638 28.4064 325.8957 4.150708966 4.327124595 12.4521269 106137345 106156780 ENSFCAG00000044569 PRUNE1
C1 106019867 106433824 15 3 800 21.72638 28.4064 325.8957 4.150708966 4.327124595 12.4521269 106182299 106219412 ENSFCAG00000033249 GABPB2
C1 106019867 106433824 15 3 800 21.72638 28.4064 325.8957 4.150708966 4.327124595 12.4521269 106226325 106239713 ENSFCAG00000005557 SEMA6C
C1 106019867 106433824 15 3 800 21.72638 28.4064 325.8957 4.150708966 4.327124595 12.4521269 106264794 106269704 ENSFCAG00000005561 TMOD4
C1 106019867 106433824 15 3 800 21.72638 28.4064 325.8957 4.150708966 4.327124595 12.4521269 106375493 106382129 ENSFCAG00000005566 ZNF687
C1 106019867 106433824 15 3 800 21.72638 28.4064 325.8957 4.150708966 4.327124595 12.4521269 106379312 106408618 ENSFCAG00000005567 PI4KB
C1 106019867 106433824 15 3 800 21.72638 28.4064 325.8957 4.150708966 4.327124595 12.4521269 106168109 106175661 ENSFCAG00000043888 CDC42SE1
C1 106019867 106433824 15 3 800 21.72638 28.4064 325.8957 4.150708966 4.327124595 12.4521269 106285564 106320461 ENSFCAG00000005563 PIP5K1A
C1 130474837 130924186 30 6 1550 20.12782667 29.5504 603.8348 4.584594526 5.308616012 27.50756715 130808277 131553819 ENSFCAG00000013556 THSD7B
C1 133840564 134143296 14 1 800 19.36872143 24.3711 271.1621 5.237008827 5.237008827 5.237008827 133970333 133970500 ENSFCAG00000040768 NA
C1 133840564 134143296 14 1 800 19.36872143 24.3711 271.1621 5.237008827 5.237008827 5.237008827 133971241 135875522 ENSFCAG00000026584 LRP1B
C1 136179873 136530126 19 3 1000 19.36855263 29.6106 368.0025 4.982781015 5.662885296 14.94834304 136472084 136583278 ENSFCAG00000018501 KYNU
C1 137513747 137629705 4 2 300 11.545675 12.5975 46.1827 4.171886005 4.192692132 8.34377201 137424309 137721963 ENSFCAG00000012314 GTDC1
C1 145277105 145468377 15 2 800 17.6178 21.378 264.267 4.161868603 4.26168561 8.323737205 145323985 145636618 ENSFCAG00000005239 FMNL2
C1 169865799 170072222 11 1 600 12.41779091 15.4385 136.5957 4.219591679 4.219591679 4.219591679 170003047 170319479 ENSFCAG00000026511 ZNF385B
C1 195925791 196109080 10 1 550 12.3094 13.6156 123.094 4.174238734 4.174238734 4.174238734 196014756 196032701 ENSFCAG00000009135 NA
C1 195925791 196109080 10 1 550 12.3094 13.6156 123.094 4.174238734 4.174238734 4.174238734 195786536 196010847 ENSFCAG00000031298 UNC80
C1 195925791 196109080 10 1 550 12.3094 13.6156 123.094 4.174238734 4.174238734 4.174238734 196032815 196164956 ENSFCAG00000027585 KANSL1L
C2 52755394 52909567 10 1 550 13.71611 16.2146 137.1611 4.479261544 4.479261544 4.479261544 52667665 52884380 ENSFCAG00000007030 ALCAM
C2 93633053 93726407 6 1 350 13.78368333 15.7436 82.7021 4.046932648 4.046932648 4.046932648 92880834 93802741 ENSFCAG00000041177 NAALADL2
C2 93789502 94212345 21 1 1150 15.6559 26.5798 328.7739 4.408575965 4.408575965 4.408575965 92880834 93802741 ENSFCAG00000041177 NAALADL2
C2 130263724 130449806 16 2 850 12.3134 17.1163 197.0144 4.069801854 4.069801854 8.139603707 130014256 130447082 ENSFCAG00000000544 EPHB1
D1 27499192 27727365 11 1 600 18.54639091 24.4872 204.0103 4.878552969 4.878552969 4.878552969 27644373 27681662 ENSFCAG00000032007 SNX19
D1 29110976 29311677 12 1 650 13.71201667 18.7381 164.5442 4.115576778 4.115576778 4.115576778 29119462 30190515 ENSFCAG00000001808 OPCML
D1 57006486 57070855 1 1 100 15.6369 15.6369 15.6369 4.834913342 4.834913342 4.834913342 56966124 57091280 ENSFCAG00000004157 GDPD4
D1 67322804 67726330 23 4 1200 18.2598087 28.3826 419.9756 4.921720477 6.426715298 19.68688191 67584644 67593560 ENSFCAG00000008413 C11orf16
D1 67322804 67726330 23 4 1200 18.2598087 28.3826 419.9756 4.921720477 6.426715298 19.68688191 67597387 67597932 ENSFCAG00000008414 ASCL3
D1 67322804 67726330 23 4 1200 18.2598087 28.3826 419.9756 4.921720477 6.426715298 19.68688191 67331568 67360492 ENSFCAG00000008406 TRIM66
D1 67322804 67726330 23 4 1200 18.2598087 28.3826 419.9756 4.921720477 6.426715298 19.68688191 67386508 67389732 ENSFCAG00000008411 NA
D1 67322804 67726330 23 4 1200 18.2598087 28.3826 419.9756 4.921720477 6.426715298 19.68688191 67396933 67452054 ENSFCAG00000008409 ST5
D1 67322804 67726330 23 4 1200 18.2598087 28.3826 419.9756 4.921720477 6.426715298 19.68688191 67576582 67584683 ENSFCAG00000006543 AKIP1
D1 67322804 67726330 23 4 1200 18.2598087 28.3826 419.9756 4.921720477 6.426715298 19.68688191 67602528 67619485 ENSFCAG00000036266 TMEM9B
D1 67322804 67726330 23 4 1200 18.2598087 28.3826 419.9756 4.921720477 6.426715298 19.68688191 67671246 67735149 ENSFCAG00000015237 SCUBE2
D1 67322804 67726330 23 4 1200 18.2598087 28.3826 419.9756 4.921720477 6.426715298 19.68688191 67632035 67656708 ENSFCAG00000031844 NRIP3
D1 78617586 78984564 30 2 1550 20.17533333 28.5265 605.26 4.327500378 4.503176293 8.655000756 78178995 79066844 ENSFCAG00000001799 NELL1
D1 86799655 87396076 39 4 2000 22.7846359 38.4439 888.6008 4.140458163 4.376013013 16.56183265 86725348 86900880 ENSFCAG00000001706 MPPED2
D1 86799655 87396076 39 4 2000 22.7846359 38.4439 888.6008 4.140458163 4.376013013 16.56183265 87136135 87615430 ENSFCAG00000007915 NA
D1 87656584 87861304 8 1 450 11.5162625 12.8299 92.1301 4.298662752 4.298662752 4.298662752 87615451 87672160 ENSFCAG00000024845 DNAJC24
D1 87656584 87861304 8 1 450 11.5162625 12.8299 92.1301 4.298662752 4.298662752 4.298662752 87673393 87734687 ENSFCAG00000028332 IMMP1L
D1 87656584 87861304 8 1 450 11.5162625 12.8299 92.1301 4.298662752 4.298662752 4.298662752 87755317 88001659 ENSFCAG00000030334 ELP4
D2 16602123 17062879 51 12 2600 33.13908235 59.7659 1690.0932 4.211290839 4.705207653 50.53549007 16909608 17065406 ENSFCAG00000002499 DISC1
D2 33320129 33529411 21 8 1100 19.90628095 27.1733 418.0319 4.239101506 4.462927606 33.91281205 33377189 33384265 ENSFCAG00000001230 NODAL
D2 33320129 33529411 21 8 1100 19.90628095 27.1733 418.0319 4.239101506 4.462927606 33.91281205 33349266 33367546 ENSFCAG00000036699 EIF4EBP2
D2 33320129 33529411 21 8 1100 19.90628095 27.1733 418.0319 4.239101506 4.462927606 33.91281205 33502766 33508861 ENSFCAG00000028455 PRF1
D2 33320129 33529411 21 8 1100 19.90628095 27.1733 418.0319 4.239101506 4.462927606 33.91281205 33233659 33323287 ENSFCAG00000001228 LRRC20
D2 33320129 33529411 21 8 1100 19.90628095 27.1733 418.0319 4.239101506 4.462927606 33.91281205 33411092 33486279 ENSFCAG00000001231 PALD1
D2 37814915 37977074 11 4 600 11.57337273 12.8159 127.3071 4.258262677 4.482176366 17.03305071 37808559 38832933 ENSFCAG00000041676 LRMDA
D2 41335964 41511846 19 1 1000 11.49718421 13.5195 218.4465 4.277611491 4.277611491 4.277611491 41375388 41381427 ENSFCAG00000025543 PPIF
D2 41335964 41511846 19 1 1000 11.49718421 13.5195 218.4465 4.277611491 4.277611491 4.277611491 41402341 41465890 ENSFCAG00000040394 ZCCHC24
D2 46542918 46898085 20 9 1050 18.73336 25.4744 374.6672 4.497299411 4.823288585 40.4756947 46770839 46865856 ENSFCAG00000015013 WAPL
D2 46542918 46898085 20 9 1050 18.73336 25.4744 374.6672 4.497299411 4.823288585 40.4756947 45989610 46686676 ENSFCAG00000011060 GRID1
D3 58119820 59277499 91 26 4600 25.4783044 46.1843 2318.5257 4.217915321 4.665698259 109.6657983 58787512 58801079 ENSFCAG00000023533 ZNF397
D3 58119820 59277499 91 26 4600 25.4783044 46.1843 2318.5257 4.217915321 4.665698259 109.6657983 59069422 59070257 ENSFCAG00000034299 NA
D3 58119820 59277499 91 26 4600 25.4783044 46.1843 2318.5257 4.217915321 4.665698259 109.6657983 59230854 59231225 ENSFCAG00000030023 NA
D3 58119820 59277499 91 26 4600 25.4783044 46.1843 2318.5257 4.217915321 4.665698259 109.6657983 58799052 58804801 ENSFCAG00000033158 ZSCAN30
D3 58119820 59277499 91 26 4600 25.4783044 46.1843 2318.5257 4.217915321 4.665698259 109.6657983 58810220 58832814 ENSFCAG00000040086 NA
D3 58119820 59277499 91 26 4600 25.4783044 46.1843 2318.5257 4.217915321 4.665698259 109.6657983 58875423 58886151 ENSFCAG00000003290 ZNF396
D3 58119820 59277499 91 26 4600 25.4783044 46.1843 2318.5257 4.217915321 4.665698259 109.6657983 58278338 58466783 ENSFCAG00000011492 DTNA
D3 58119820 59277499 91 26 4600 25.4783044 46.1843 2318.5257 4.217915321 4.665698259 109.6657983 58531874 58692784 ENSFCAG00000024870 MAPRE2
D3 58119820 59277499 91 26 4600 25.4783044 46.1843 2318.5257 4.217915321 4.665698259 109.6657983 58846367 58857408 ENSFCAG00000038036 ZNF24
D3 58119820 59277499 91 26 4600 25.4783044 46.1843 2318.5257 4.217915321 4.665698259 109.6657983 58961992 58983593 ENSFCAG00000003291 INO80C
D3 58119820 59277499 91 26 4600 25.4783044 46.1843 2318.5257 4.217915321 4.665698259 109.6657983 59102485 59182719 ENSFCAG00000027087 GALNT1
D3 76403891 77629696 90 15 4600 28.25410556 70.2336 2542.8695 4.242905067 4.650369605 63.64357601 76723868 76724110 ENSFCAG00000038219 NA
D3 76403891 77629696 90 15 4600 28.25410556 70.2336 2542.8695 4.242905067 4.650369605 63.64357601 77624346 77657872 ENSFCAG00000022537 TXNL1
D3 76403891 77629696 90 15 4600 28.25410556 70.2336 2542.8695 4.242905067 4.650369605 63.64357601 76372871 76723113 ENSFCAG00000014682 TCF4
D3 82279506 82295947 1 1 100 11.2041 11.2041 11.2041 4.500221997 4.500221997 4.500221997 82175396 82281704 ENSFCAG00000023477 PIGN
D3 82279506 82295947 1 1 100 11.2041 11.2041 11.2041 4.500221997 4.500221997 4.500221997 82281851 82390498 ENSFCAG00000013841 RELCH
D3 92621480 92693528 8 4 450 10.6247125 11.1364 84.9977 4.141780277 4.249704194 16.56712111 92379981 92808317 ENSFCAG00000031567 ZNF407
D4 35330049 35726566 20 1 1050 26.97733 44.4109 539.5466 6.005248903 6.005248903 6.005248903 35347396 35349537 ENSFCAG00000039645 DMAC1
D4 87826701 88020148 16 1 850 24.82155625 40.2565 397.1449 5.040930667 5.040930667 5.040930667 87827006 87862060 ENSFCAG00000008697 ANGPTL2
D4 87826701 88020148 16 1 850 24.82155625 40.2565 397.1449 5.040930667 5.040930667 5.040930667 87732240 87958960 ENSFCAG00000008696 RALGPS1
D4 87826701 88020148 16 1 850 24.82155625 40.2565 397.1449 5.040930667 5.040930667 5.040930667 88003626 88114980 ENSFCAG00000019243 GARNL3
E1 15343496 15384081 1 1 100 10.0417 10.0417 10.0417 6.847279228 6.847279228 6.847279228 15350157 15376541 ENSFCAG00000041566 CRK
E1 15343496 15384081 1 1 100 10.0417 10.0417 10.0417 6.847279228 6.847279228 6.847279228 15319739 15344073 ENSFCAG00000006291 MYO1C
E1 24632451 24853938 16 3 850 35.00834375 43.9907 560.1335 4.969694264 5.715168036 14.90908279 24629058 24637098 ENSFCAG00000007033 DHRS11
E1 24632451 24853938 16 3 850 35.00834375 43.9907 560.1335 4.969694264 5.715168036 14.90908279 24680706 24682211 ENSFCAG00000026395 PIGW
E1 24632451 24853938 16 3 850 35.00834375 43.9907 560.1335 4.969694264 5.715168036 14.90908279 24716091 24716216 ENSFCAG00000041062 NA
E1 24632451 24853938 16 3 850 35.00834375 43.9907 560.1335 4.969694264 5.715168036 14.90908279 24686415 24715225 ENSFCAG00000011616 MYO19
E1 24632451 24853938 16 3 850 35.00834375 43.9907 560.1335 4.969694264 5.715168036 14.90908279 24636968 24674191 ENSFCAG00000007032 GGNBP2
E1 29174460 29380914 8 1 450 13.4424 14.899 107.5392 4.362025852 4.362025852 4.362025852 29243247 29243786 ENSFCAG00000018969 PTRH2
E1 29174460 29380914 8 1 450 13.4424 14.899 107.5392 4.362025852 4.362025852 4.362025852 29380161 29380752 ENSFCAG00000024255 NA
E1 29174460 29380914 8 1 450 13.4424 14.899 107.5392 4.362025852 4.362025852 4.362025852 29248635 29315522 ENSFCAG00000027260 CLTC
E1 29174460 29380914 8 1 450 13.4424 14.899 107.5392 4.362025852 4.362025852 4.362025852 29105847 29236992 ENSFCAG00000003783 VMP1
E1 29174460 29380914 8 1 450 13.4424 14.899 107.5392 4.362025852 4.362025852 4.362025852 29326362 29375282 ENSFCAG00000001409 DHX40
E2 236243 548014 19 5 1000 16.63817895 24.364 316.1254 4.271897401 4.71107478 21.359487 272111 274719 ENSFCAG00000003757 UBE2M
E2 236243 548014 19 5 1000 16.63817895 24.364 316.1254 4.271897401 4.71107478 21.359487 275379 278470 ENSFCAG00000003756 CHMP2A
E2 236243 548014 19 5 1000 16.63817895 24.364 316.1254 4.271897401 4.71107478 21.359487 303459 307464 ENSFCAG00000024270 ZBTB45
E2 236243 548014 19 5 1000 16.63817895 24.364 316.1254 4.271897401 4.71107478 21.359487 320280 324921 ENSFCAG00000039317 NA
E2 236243 548014 19 5 1000 16.63817895 24.364 316.1254 4.271897401 4.71107478 21.359487 337143 343179 ENSFCAG00000038462 ZNF446
E2 236243 548014 19 5 1000 16.63817895 24.364 316.1254 4.271897401 4.71107478 21.359487 347789 348511 ENSFCAG00000040963 NA
E2 236243 548014 19 5 1000 16.63817895 24.364 316.1254 4.271897401 4.71107478 21.359487 385616 391916 ENSFCAG00000034735 ZNF132
E2 236243 548014 19 5 1000 16.63817895 24.364 316.1254 4.271897401 4.71107478 21.359487 439816 440823 ENSFCAG00000045568 RNF225
E2 236243 548014 19 5 1000 16.63817895 24.364 316.1254 4.271897401 4.71107478 21.359487 442427 448523 ENSFCAG00000027978 RPS5
E2 236243 548014 19 5 1000 16.63817895 24.364 316.1254 4.271897401 4.71107478 21.359487 476476 480620 ENSFCAG00000003747 A1BG
E2 236243 548014 19 5 1000 16.63817895 24.364 316.1254 4.271897401 4.71107478 21.359487 547697 555819 ENSFCAG00000027738 ZNF544
E2 236243 548014 19 5 1000 16.63817895 24.364 316.1254 4.271897401 4.71107478 21.359487 308577 315698 ENSFCAG00000003754 SLC27A5
E2 236243 548014 19 5 1000 16.63817895 24.364 316.1254 4.271897401 4.71107478 21.359487 409534 429657 ENSFCAG00000031378 ZNF584
E2 236243 548014 19 5 1000 16.63817895 24.364 316.1254 4.271897401 4.71107478 21.359487 485254 492868 ENSFCAG00000021958 ZSCAN22
E2 236243 548014 19 5 1000 16.63817895 24.364 316.1254 4.271897401 4.71107478 21.359487 257716 268284 ENSFCAG00000003758 MZF1
E2 236243 548014 19 5 1000 16.63817895 24.364 316.1254 4.271897401 4.71107478 21.359487 523193 533889 ENSFCAG00000033440 ZNF8
E2 758795 804815 2 1 150 11.25505 11.9109 22.5101 4.952274951 4.952274951 4.952274951 801852 812616 ENSFCAG00000041018 NA
E2 758795 804815 2 1 150 11.25505 11.9109 22.5101 4.952274951 4.952274951 4.952274951 769317 788880 ENSFCAG00000032319 ZNF606
E2 46535428 46743632 9 1 500 15.39702222 19.4665 138.5732 4.111925244 4.111925244 4.111925244 46581224 46591522 ENSFCAG00000015304 HAS3
E2 46535428 46743632 9 1 500 15.39702222 19.4665 138.5732 4.111925244 4.111925244 4.111925244 46593755 46594574 ENSFCAG00000040021 NA
E2 46535428 46743632 9 1 500 15.39702222 19.4665 138.5732 4.111925244 4.111925244 4.111925244 46602349 46635008 ENSFCAG00000011447 UTP4
E2 46535428 46743632 9 1 500 15.39702222 19.4665 138.5732 4.111925244 4.111925244 4.111925244 46367981 46564584 ENSFCAG00000002652 TANGO6
E2 46535428 46743632 9 1 500 15.39702222 19.4665 138.5732 4.111925244 4.111925244 4.111925244 46644594 46751005 ENSFCAG00000043662 SNTB2
E3 8728246 8939939 26 8 1350 24.47567308 36.9961 636.3675 4.223609235 4.753789342 33.78887388 8642104 9021382 ENSFCAG00000034298 NA
E3 10481517 10841043 34 2 1750 20.99056471 41.4244 713.6792 4.436105686 4.657868418 8.872211372 10625120 10625488 ENSFCAG00000040567 NA
E3 10481517 10841043 34 2 1750 20.99056471 41.4244 713.6792 4.436105686 4.657868418 8.872211372 10541904 10571959 ENSFCAG00000044781 ELN
E3 10481517 10841043 34 2 1750 20.99056471 41.4244 713.6792 4.436105686 4.657868418 8.872211372 10581315 10609784 ENSFCAG00000009702 LIMK1
E3 10481517 10841043 34 2 1750 20.99056471 41.4244 713.6792 4.436105686 4.657868418 8.872211372 10647213 10670883 ENSFCAG00000029386 EIF4H
E3 10481517 10841043 34 2 1750 20.99056471 41.4244 713.6792 4.436105686 4.657868418 8.872211372 10681557 10688058 ENSFCAG00000009704 LAT2
E3 10481517 10841043 34 2 1750 20.99056471 41.4244 713.6792 4.436105686 4.657868418 8.872211372 10692876 10712583 ENSFCAG00000009705 RFC2
E3 10481517 10841043 34 2 1750 20.99056471 41.4244 713.6792 4.436105686 4.657868418 8.872211372 10739713 10818750 ENSFCAG00000006550 CLIP2
E3 34895226 34905800 1 1 100 11.3984 11.3984 11.3984 4.105684004 4.105684004 4.105684004 34879429 34939276 ENSFCAG00000011681 TXNDC11
F1 13046058 13324209 33 1 1700 23.63912727 43.9013 780.0912 4.38019576 4.38019576 4.38019576 13210012 13213171 ENSFCAG00000029190 NA
F1 14414588 14606592 9 2 500 12.20283333 13.9072 109.8255 4.939320482 5.549152011 9.878640965 14389775 14433743 ENSFCAG00000008153 SCYL3
F1 14414588 14606592 9 2 500 12.20283333 13.9072 109.8255 4.939320482 5.549152011 9.878640965 14445048 14608566 ENSFCAG00000000812 KIFAP3
F1 29032418 29186911 13 3 700 12.83877692 14.476 166.9041 4.533124725 5.069608005 13.59937417 29126898 29127857 ENSFCAG00000042819 IER5
F1 29032418 29186911 13 3 700 12.83877692 14.476 166.9041 4.533124725 5.069608005 13.59937417 29184968 29231284 ENSFCAG00000011869 STX6
F1 44453757 44625295 16 1 900 12.9022875 15.3019 206.4366 4.036209892 4.036209892 4.036209892 44482366 44482617 ENSFCAG00000013548 NA
F1 44453757 44625295 16 1 900 12.9022875 15.3019 206.4366 4.036209892 4.036209892 4.036209892 44578578 44596944 ENSFCAG00000031352 ETNK2
F1 44453757 44625295 16 1 900 12.9022875 15.3019 206.4366 4.036209892 4.036209892 4.036209892 44597061 44611680 ENSFCAG00000002902 REN
F1 44453757 44625295 16 1 900 12.9022875 15.3019 206.4366 4.036209892 4.036209892 4.036209892 44563802 44574275 ENSFCAG00000002900 SOX13
F2 46401557 46575009 14 1 750 20.74349286 26.9296 290.4089 4.340946135 4.340946135 4.340946135 46452506 46456528 ENSFCAG00000002165 NA
F2 46401557 46575009 14 1 750 20.74349286 26.9296 290.4089 4.340946135 4.340946135 4.340946135 46498761 46512789 ENSFCAG00000002167 RIDA
F2 46401557 46575009 14 1 750 20.74349286 26.9296 290.4089 4.340946135 4.340946135 4.340946135 46465594 46489551 ENSFCAG00000041699 NA
F2 46401557 46575009 14 1 750 20.74349286 26.9296 290.4089 4.340946135 4.340946135 4.340946135 46571895 46659939 ENSFCAG00000031093 NIPAL2
F2 46401557 46575009 14 1 750 20.74349286 26.9296 290.4089 4.340946135 4.340946135 4.340946135 46311388 46447667 ENSFCAG00000002164 MATN2
F2 46401557 46575009 14 1 750 20.74349286 26.9296 290.4089 4.340946135 4.340946135 4.340946135 46513935 46547315 ENSFCAG00000002168 POP1
F2 54703313 54958851 13 2 700 19.01276923 35.1481 247.166 4.172848686 4.258173836 8.345697372 54585833 54830740 ENSFCAG00000045651 ANGPT1
F2 55738676 56122445 25 1 1300 14.829612 21.4015 370.7403 4.584366279 4.584366279 4.584366279 55998073 55998990 ENSFCAG00000022184 TMEM74
F2 55738676 56122445 25 1 1300 14.829612 21.4015 370.7403 4.584366279 4.584366279 4.584366279 55634463 55870795 ENSFCAG00000025332 EMC2
